1
160
3
4
5
136
929
93
254
917
160
108
851
597
65
16
548
743
1014
522
448
1018
762
842
687
882
27
119
492
232
1017
542
30
289
236
981
682
395
92
40
586
488
346
478
647
453
305
219
518
852
51
961
507
349
385
500
86
202
162
967
321
654
174
313
171
203
67
602
406
159
71
259
801
251
845
264
596
298
79
80
910
24
602
104
85
541
429
41
24
90
777
425
523
862
626
685
805
98
946
314
978
235
484
104
105
157
836
890
109
315
111
70
666
565
914
929
136
188
119
814
121
160
789
124
917
700
194
957
129
130
723
970
357
134
222
808
137
983
139
906
588
904
195
541
114
146
678
697
149
949
543
1012
1019
154
155
184
552
908
88
160
688
71
901
847
860
794
522
29
726
221
998
59
442
781
17
323
344
920
517
885
10
170
557
958
713
544
952
896
72
836
984
759
906
860
195
196
581
741
199
629
78
769
331
298
743
389
739
499
209
405
37
843
300
214
553
703
309
723
219
235
243
411
779
170
282
850
1005
241
229
584
887
77
140
603
705
217
348
238
11
515
241
66
243
399
245
246
229
564
249
803
266
382
253
254
79
256
818
60
387
516
295
629
926
49
799
184
267
898
779
424
457
641
500
596
220
181
277
278
812
567
191
302
632
590
531
171
368
796
553
290
446
589
612
294
833
81
297
906
437
1006
301
302
954
211
305
165
827
990
589
310
259
606
64
854
825
316
244
642
367
435
943
998
1024
449
145
367
220
697
813
809
284
621
889
166
33
870
95
338
244
11
922
209
599
156
814
662
347
1010
615
906
627
981
316
545
355
955
357
315
994
75
681
362
189
771
469
997
30
368
65
861
371
372
373
374
195
98
707
290
341
717
187
549
291
384
342
338
952
327
952
833
953
392
909
394
395
124
474
839
438
400
443
913
95
631
659
563
604
688
628
440
883
412
725
122
148
41
838
418
334
589
104
675
423
424
425
926
427
428
32
1002
431
854
864
930
738
988
379
438
439
552
401
821
440
444
495
428
74
448
449
34
7
761
661
446
455
456
619
361
568
766
401
462
463
381
75
989
467
468
485
750
890
472
516
727
719
355
632
478
432
318
1011
983
719
484
807
398
189
210
471
222
216
492
208
494
882
662
497
498
499
826
501
218
205
568
618
585
642
582
45
510
367
448
560
69
142
516
915
701
574
208
687
532
523
926
469
930
91
679
376
312
894
532
583
170
531
536
385
387
735
952
541
1005
296
569
545
562
340
936
1009
900
1004
127
553
554
555
790
680
700
997
342
207
899
811
112
989
566
465
488
276
334
46
445
865
430
832
576
575
578
357
812
870
926
349
186
585
837
334
61
816
460
591
850
472
135
822
596
813
598
341
696
599
453
660
39
940
936
373
985
356
213
391
612
163
787
747
974
617
633
648
299
818
622
460
624
632
878
252
67
703
723
201
500
511
541
172
86
993
831
639
124
908
742
496
869
74
708
235
236
471
981
651
186
79
605
484
656
896
40
91
749
291
662
157
427
1013
666
667
668
357
926
500
897
73
585
866
904
708
749
679
621
180
593
694
887
827
930
687
688
689
690
691
333
693
694
784
91
411
364
574
700
701
282
403
664
705
706
707
6
694
820
432
682
152
334
157
716
24
718
719
406
721
741
889
285
425
726
614
906
604
730
182
575
733
466
1009
736
480
799
768
570
185
107
119
467
509
782
472
748
178
577
751
904
860
728
213
1016
752
618
759
733
761
762
616
764
903
133
767
768
205
784
736
387
334
177
371
814
975
114
359
136
220
478
602
728
235
49
787
906
812
790
952
741
515
140
732
242
758
440
858
636
572
802
803
38
395
283
424
728
460
794
517
410
907
876
545
102
329
122
830
563
171
822
823
711
350
98
427
865
238
830
134
82
995
574
939
606
121
977
1000
840
404
376
703
863
146
196
248
848
28
850
851
47
793
130
855
375
914
959
937
60
645
263
158
864
47
103
395
180
184
365
753
99
970
51
875
945
877
253
879
426
623
91
571
818
885
338
599
864
106
890
728
214
1020
662
127
55
282
389
899
212
328
902
491
606
905
507
674
970
236
910
772
915
85
914
915
916
822
835
337
224
434
427
794
227
764
368
67
870
71
280
865
932
732
934
406
919
1013
794
107
316
941
260
712
823
934
658
34
681
548
950
118
952
479
359
454
956
702
958
959
792
880
471
1018
619
839
60
464
909
340
304
971
617
745
199
605
515
305
921
774
980
1016
982
719
683
649
752
340
173
869
818
531
298
993
495
298
153
965
291
999
771
779
351
1003
1004
211
1006
664
690
514
256
410
712
1013
860
924
756
674
1018
1019
1008
1021
450
332
632
