193
256
9
80
116
6
273
860
302
149
11
621
825
863
716
306
955
585
256
752
1012
948
383
902
140
339
83
995
933
417
45
649
285
237
904
293
316
1019
565
152
296
714
772
96
552
464
402
482
24
657
209
11
580
591
912
719
929
994
690
837
387
734
461
671
970
340
963
261
335
503
412
630
192
74
160
726
743
623
103
200
646
759
408
656
314
998
543
9
902
512
698
714
93
94
898
96
407
150
544
100
352
490
482
612
824
985
1024
429
152
159
130
895
781
232
70
402
990
478
119
33
280
451
575
288
125
329
62
985
129
130
18
960
367
168
135
479
137
718
657
961
141
305
456
921
304
884
147
48
462
1014
942
218
221
1012
619
187
465
651
466
915
201
753
219
263
713
237
198
168
55
404
676
772
36
612
52
491
508
356
179
350
556
817
339
473
11
560
187
460
629
746
924
256
187
815
456
939
9
718
627
245
915
681
203
648
567
206
428
683
154
479
149
662
834
499
193
216
627
837
665
220
637
372
101
241
93
1024
496
279
814
952
193
823
645
819
43
536
475
691
78
902
349
231
243
357
498
892
166
996
60
792
808
725
404
156
825
645
248
824
116
527
614
43
719
412
265
688
514
454
199
988
120
276
866
469
275
276
506
198
966
374
363
937
433
131
720
133
534
875
957
290
154
99
757
270
625
346
312
319
757
999
832
186
173
796
306
448
637
774
954
834
715
303
172
314
627
316
735
302
322
868
836
322
173
800
989
326
327
271
532
330
234
895
877
546
335
189
609
338
520
1021
795
693
792
76
345
116
404
849
45
213
539
347
384
141
58
686
462
925
497
634
700
461
363
904
208
695
774
60
216
963
669
735
959
439
403
726
514
519
105
338
563
317
876
910
700
1016
967
361
453
867
857
63
542
394
294
966
749
988
716
809
179
654
403
453
913
588
891
292
289
380
810
393
717
348
709
568
233
384
559
175
745
1011
17
577
49
559
870
428
1015
430
283
833
706
67
1011
335
519
900
922
385
167
186
764
976
578
456
299
262
1023
532
645
557
706
365
544
723
942
592
257
787
582
539
596
464
263
606
582
597
469
100
457
494
485
623
679
224
574
232
680
873
493
678
380
114
211
486
61
488
478
754
783
492
395
321
15
158
903
554
753
141
135
310
738
234
767
506
207
718
365
886
942
512
939
93
597
787
586
250
142
699
460
202
152
524
189
985
547
510
999
704
388
528
533
534
432
528
662
741
241
540
896
542
483
448
589
848
309
548
506
762
401
78
524
554
986
328
665
558
559
660
787
866
812
976
826
334
461
801
13
848
304
444
351
966
160
592
837
643
15
401
466
323
907
203
723
984
726
685
287
590
366
320
50
207
595
107
1
9
440
461
809
452
284
88
895
634
29
608
31
201
865
673
215
242
114
537
617
124
316
236
83
17
920
370
382
215
627
419
588
322
419
596
761
879
380
636
189
138
639
468
641
59
771
496
89
972
337
761
162
578
874
699
701
165
934
656
783
181
829
128
562
19
546
126
340
964
721
77
818
670
77
265
955
544
323
702
15
412
649
351
148
810
928
1022
484
604
162
393
363
343
197
490
693
904
216
12
5
555
975
726
631
769
802
895
699
321
194
376
335
605
1024
686
752
714
810
589
749
269
169
911
662
531
229
858
1020
108
49
7
113
730
604
982
838
210
726
615
81
400
935
274
741
776
245
744
878
775
930
605
560
495
330
829
663
216
466
169
444
299
164
551
348
762
171
663
951
128
476
136
853
66
216
228
1000
489
1003
221
342
754
126
947
781
289
620
252
93
786
258
467
558
426
910
857
590
794
436
180
760
798
75
106
887
550
241
715
616
457
942
591
945
921
263
650
937
814
185
938
532
436
7
790
902
822
564
191
787
396
827
780
829
198
575
515
272
680
377
822
921
838
67
413
841
353
1009
1003
273
905
847
790
535
530
702
719
853
443
209
856
130
449
859
998
7
1013
165
793
384
944
991
959
435
238
614
811
35
510
878
447
862
862
426
111
742
191
645
884
247
886
892
340
689
76
469
892
893
114
50
476
102
214
244
485
901
133
210
419
567
448
9
354
482
518
207
912
929
356
915
44
917
330
466
785
520
86
7
387
925
425
695
462
894
808
511
345
909
724
588
370
857
798
788
399
221
796
752
702
290
958
606
645
1001
935
86
761
953
430
171
767
816
596
438
254
465
221
764
809
106
464
372
475
296
145
238
694
365
974
975
10
422
43
299
355
981
648
943
332
559
4
68
174
835
780
769
248
9
209
468
772
1017
573
211
365
23
506
509
261
176
874
1007
270
1009
597
916
568
951
539
486
258
73
489
326
37
662
136
816
407
