979
1014
770
2010
1714
1720
687
713
9
977
1546
595
2024
895
1917
1649
1382
102
19
20
21
22
23
24
1171
26
27
112
597
30
609
1746
1880
1332
1419
1926
1539
38
493
1644
1340
766
43
574
305
46
1535
536
2018
1206
1222
52
682
134
719
1276
109
58
1613
1144
1758
946
1246
880
1058
1842
1489
755
1674
772
125
1551
263
617
1146
1602
1382
1720
1906
868
81
82
207
1876
25
1428
87
88
509
158
99
1785
267
94
1711
880
2024
609
77
855
101
1666
1919
295
372
1544
1067
496
1046
110
1329
1112
143
114
882
446
1862
739
1313
120
20
566
1338
1448
1075
1495
1546
811
1761
1208
131
1690
1736
134
1816
136
1767
543
1433
1637
837
1804
1132
1903
251
129
147
148
1183
1363
271
16
1808
85
155
156
755
158
1072
104
1320
361
1551
346
1856
166
1048
1156
1568
208
798
1256
2023
516
1798
1408
104
586
179
1163
181
1235
441
1414
1363
1623
728
1633
1639
190
191
487
1717
345
195
1558
1821
1664
1919
1323
2010
202
1726
323
1117
1245
530
208
209
210
1914
452
504
381
201
1911
484
787
1026
1718
1227
391
223
1032
801
226
1118
617
391
230
1604
285
735
234
1113
57
351
983
1380
312
241
660
1702
1428
1905
183
1294
248
308
686
251
1674
509
549
110
1295
1574
1827
473
260
1964
262
811
1273
1033
1427
1664
588
269
1711
271
350
273
274
1700
1768
700
278
635
1099
1011
282
283
284
285
1294
752
391
1150
934
1684
292
1458
1619
1309
1966
119
1418
1212
1692
1197
302
1684
304
1607
2007
908
591
1385
523
1178
312
1047
873
830
766
1572
1464
1864
320
535
322
709
567
925
1859
1500
560
1268
1071
1868
332
1185
1189
1238
348
833
386
2031
340
391
344
343
344
890
346
982
348
1728
1413
111
726
353
354
237
356
940
1492
1808
355
1307
362
294
364
1064
1874
1218
874
1325
1777
93
347
373
374
1597
1277
1536
786
1624
320
1171
382
383
1606
710
1514
447
388
1691
1193
1859
1802
1918
47
693
1361
1855
1048
620
100
401
63
445
1318
936
406
1769
408
1046
1028
68
594
256
1603
1379
1879
1922
501
1436
583
2014
1882
226
1158
1693
2027
1028
1739
671
430
431
340
1545
1718
435
959
437
1645
439
1780
441
442
1403
914
445
667
1124
1959
449
1694
1191
505
1949
454
745
1883
1779
618
336
1166
1200
301
1000
1425
1459
644
1403
438
334
26
777
1879
1743
1736
1475
1475
1090
340
93
165
250
1787
1355
754
1687
51
589
488
1418
668
924
492
535
494
1868
496
497
1224
1534
1244
634
502
129
599
1071
463
624
1848
293
318
1535
1767
1792
576
58
1885
741
307
519
520
1623
47
1061
1261
98
1649
527
528
630
765
531
532
524
1165
584
536
1747
650
539
1828
541
333
779
378
1403
1241
1001
548
1202
1533
551
1318
688
1251
1062
1264
1308
558
898
2004
1614
562
472
564
2
626
1732
99
569
226
571
314
864
749
1478
1447
448
79
1226
780
857
1603
134
49
555
586
1336
1581
1873
2023
783
886
1238
42
1783
1193
1656
206
1195
600
233
1937
603
1293
459
202
108
1207
1679
1555
1654
1758
732
385
566
287
519
615
841
1854
147
665
623
1828
930
626
627
628
1550
1018
971
1284
162
578
635
1489
1356
811
1378
640
601
1269
643
1579
645
708
427
1210
214
33
651
919
946
417
1484
1232
935
50
24
660
740
197
689
664
665
520
1126
190
1537
670
48
1474
1698
626
914
1006
677
1436
243
1606
656
1822
265
684
1082
983
479
688
1114
1901
1424
692
1531
1336
607
696
417
1386
630
700
701
1157
1582
1318
1676
659
1508
1164
706
933
813
1331
1846
1818
718
41
1375
718
1373
1862
1640
407
796
724
70
726
1520
648
1493
730
731
1002
1983
51
1419
1320
680
527
853
740
1998
154
1511
1457
1317
169
341
748
81
1499
751
138
1899
169
755
178
1225
1541
2039
816
1947
786
885
764
765
766
1419
1433
329
372
1368
379
1790
639
1059
268
777
1492
779
1008
421
954
416
784
1737
1122
756
1818
789
573
893
792
1668
741
795
1071
797
844
233
1061
1660
802
132
1847
805
496
1550
1231
809
825
811
1921
550
1203
1663
1189
817
213
1930
632
821
1220
303
1585
1635
2039
659
828
342
1808
831
1231
1235
1427
1971
257
223
838
155
1317
841
1882
286
1115
329
1835
298
1153
1708
847
308
1322
2035
854
520
856
1203
618
859
1740
1505
862
155
1326
1496
813
1668
1255
2043
854
634
1965
1110
856
71
378
689
357
1493
1017
881
143
1790
884
122
886
1850
588
889
429
1123
575
948
894
278
1192
639
898
1782
1346
901
1965
1229
110
1584
436
104
389
1069
20
911
1498
1924
91
915
916
1875
564
919
447
1319
1580
589
924
1060
926
927
1701
391
1648
81
932
1513
174
1029
1790
937
938
1365
940
1667
1524
663
1583
704
772
947
1118
1139
950
951
876
1506
159
895
955
34
985
782
960
597
1431
52
129
2020
1112
1829
362
711
970
1910
1874
884
890
1616
976
200
508
1091
862
43
1794
1634
1160
985
885
461
618
989
990
1043
1355
1572
1077
292
305
1673
1722
357
1801
1693
1468
1582
6
130
1443
1880
1008
1013
284
1011
1447
1212
791
1015
489
26
833
234
1659
1021
1022
1993
1118
71
562
113
1028
1425
85
1189
1032
1716
390
813
1036
1390
746
566
1034
165
99
1040
294
1541
871
1306
1048
1824
269
469
1052
566
1054
757
494
1399
990
1059
104
1343
60
174
1904
172
1599
1988
1360
1266
329
124
1072
1073
1074
607
1074
689
1078
1641
1238
787
1082
632
1531
279
1502
1087
1088
788
54
1770
1257
1093
1094
620
478
1750
2018
1099
1467
1854
1312
1526
2027
1167
1697
1577
1106
1008
795
1435
1132
1401
460
1115
1820
993
1698
559
1624
1180
837
1123
1077
1968
891
798
1176
1510
1275
877
1479
694
682
742
171
661
1908
1139
1140
1868
189
965
827
1145
983
1147
351
1958
336
811
1730
1328
1154
460
1156
240
904
1639
1076
1980
1558
1966
1164
730
1166
685
1427
2004
1170
1562
857
649
195
1598
820
855
1457
639
1044
374
1182
1465
2026
724
1375
313
1534
1056
1641
1993
1295
496
1584
322
1196
427
1093
1199
240
1156
1202
1778
1666
1112
1291
475
1760
1485
24
531
292
1481
1214
1169
1335
1854
586
1312
529
1960
1625
15
967
1225
1217
2007
213
1712
1542
534
1232
90
587
773
1246
316
1238
391
309
1606
865
20
1042
888
1246
551
1333
320
1719
619
125
256
1931
654
167
1507
668
1259
1260
1133
675
1263
1264
626
1345
338
1268
120
1879
1271
427
1273
706
603
1276
1277
1672
1021
993
1281
1980
578
1284
1857
1286
2000
1619
697
502
1291
904
1016
172
1522
1141
428
1298
1404
1794
594
1302
1303
862
413
1306
1727
1308
1536
1038
1023
1873
1157
853
252
1862
1456
1923
834
1320
400
1855
1323
1411
1325
209
1806
1328
982
905
259
1885
1920
430
1358
1336
1012
857
714
757
1451
1575
1169
1129
1063
159
1347
103
1349
887
1351
1352
1315
956
1138
1356
1357
1129
363
1013
1962
1362
1363
762
1365
819
1325
970
576
1370
1371
258
1874
1374
834
94
1746
1263
1451
709
72
116
1466
1384
1522
1691
586
602
705
744
704
1591
1393
11
1659
681
1139
1398
2021
1400
1693
1052
735
463
328
1704
1038
585
1409
1410
1411
1530
1413
1871
1415
678
1227
1085
81
1420
1421
1935
1156
196
1352
1426
629
1886
1938
1430
1230
1432
542
1434
633
1436
1437
1438
1934
85
1441
643
1443
1444
1544
765
1781
1517
409
1450
785
203
871
1454
1112
1906
1908
1697
1387
1730
326
565
766
406
452
1466
1922
602
1803
502
439
1692
1732
981
277
1617
1065
919
1112
1829
652
580
189
1436
782
1059
1487
499
1489
640
1491
918
147
1494
1495
1496
1497
1498
2026
599
473
543
1364
878
994
1237
1479
748
1739
1918
1511
392
1513
1422
850
1516
668
990
1914
1586
53
1694
1523
189
1525
633
1882
1624
1414
892
75
5
1533
1809
1535
221
2031
359
693
525
1541
1722
1543
1571
1545
1518
911
1001
217
601
1551
1552
870
608
2022
1719
1275
963
1559
1584
1561
813
1015
1229
1001
1647
1567
1568
1062
577
1571
1013
1953
1574
651
1017
1713
871
999
23
1564
1523
1745
1086
992
607
1587
38
1209
1207
908
1816
1180
578
1043
94
114
1598
1599
1855
1108
1342
1603
807
707
1606
356
1608
1383
1719
1611
260
2033
687
1973
856
1686
1995
1619
1620
371
1160
1691
1456
1625
104
1627
249
1493
1312
1455
352
1079
1634
1635
586
930
1638
73
679
1043
1642
1927
1787
336
1646
686
1648
1649
445
691
20
1653
115
951
5
801
875
860
438
821
1230
1598
464
637
1701
712
81
964
119
433
1672
1673
1674
2042
704
1362
67
1383
1680
356
1993
1121
691
630
1565
1382
1688
650
1679
284
654
431
1158
1695
1696
1513
869
1978
1700
694
418
1703
393
1330
1706
70
1105
1410
1033
1223
1842
1026
1926
1155
1092
1260
1510
1037
332
153
1722
1723
1666
1896
1534
1727
267
1526
1817
920
1957
926
384
777
855
1737
1738
1077
1194
1248
1742
358
1263
304
1768
247
1526
1561
1272
1403
668
316
615
129
1352
946
281
969
794
1814
1236
271
1582
107
179
1767
459
1769
491
955
1314
1567
100
513
1925
1362
816
1779
1644
1608
293
1156
832
1785
1695
1823
1147
261
1952
1791
1792
450
1207
184
1418
1797
2000
1998
605
222
1531
712
401
1990
1806
1202
1355
1809
1255
720
1455
1767
596
768
534
191
1818
328
826
1821
1347
1159
472
1121
257
733
1024
706
1939
1831
1208
75
1890
1835
1157
1837
680
63
639
1391
463
1843
580
544
1818
1834
1263
1849
1224
1851
1552
1859
1991
37
1
270
1858
1859
862
1347
1428
1334
420
1684
18
1443
341
1956
602
1871
416
1797
1758
1095
1859
349
1878
437
1880
274
928
980
43
714
194
1887
1266
217
1890
4
1892
1208
254
5
1478
1115
1351
857
400
1770
493
417
1165
833
324
1766
1248
72
1476
1911
294
1913
1931
1824
730
156
703
1709
1920
198
1416
1903
1463
1633
1906
622
1886
1910
51
1931
952
1213
908
1352
934
1400
1768
50
184
44
1816
1432
115
1945
1946
1243
1725
2045
1950
1018
407
152
1720
67
349
1088
1969
1811
672
1827
385
509
1964
1965
1688
1967
435
1460
1970
852
1342
1973
763
1786
693
483
1835
877
526
1602
260
640
796
1984
637
1987
1813
342
788
1485
409
1137
524
329
899
1195
107
1283
1703
1795
1718
2003
1114
598
2006
2007
1011
1877
2010
335
1704
2013
2014
311
2016
122
532
836
1723
2021
791
1475
471
726
63
235
1068
851
1719
2031
1476
1987
194
1804
837
1388
1911
72
1042
1657
1789
108
206
751
1984
541
406
