421
107
3
3289
1199
2653
2023
1091
9
3374
11
1837
1011
873
15
3972
2521
112
3547
2741
2727
3250
1991
954
40
26
1927
2979
29
3175
718
494
2667
2331
645
36
2999
38
903
1065
3105
95
43
2263
1661
2117
3353
939
3954
268
1811
3829
2788
1922
55
56
3279
58
1432
552
2433
3422
1505
2472
1252
387
1550
1969
881
120
203
1525
3118
1105
75
76
2589
2126
1200
756
81
3786
3316
12
628
3173
279
2438
89
2906
3066
264
2088
402
95
815
424
3823
2320
2895
979
2706
348
2947
3586
467
3150
1014
3584
158
3603
1613
1357
262
1303
577
117
273
1930
3749
552
272
2558
3617
535
550
4018
1349
973
130
3745
3668
3868
627
2278
119
3573
1767
586
140
2626
2781
73
2784
2287
1686
44
2548
2988
150
151
620
2820
821
273
3371
1092
2830
2892
1626
3379
2813
2975
164
256
2461
2546
168
27
3087
727
145
173
2564
2494
730
1093
1178
803
3876
3464
2488
3920
1915
1379
443
638
2199
715
4009
3291
3545
193
2804
820
2827
1520
3794
3082
3981
2244
3108
2971
2970
3253
1438
1367
3982
2531
2544
688
2310
1911
3175
2133
3825
457
2576
367
2656
221
222
3290
279
1850
2738
3082
2669
1469
505
2367
454
389
514
3562
3360
3483
2718
701
754
2603
3231
3297
3291
1445
1112
2369
3577
840
2826
2056
1206
1385
1250
255
1484
3234
3987
469
1806
1359
974
76
1813
1362
589
1278
625
4072
3995
271
1326
729
2501
460
4025
1695
1904
1040
4064
1385
282
1880
2793
3440
3085
81
593
473
3314
484
941
1023
1842
1914
1099
3654
3276
1687
835
301
3900
1662
733
1129
2390
3234
1589
2319
832
3492
3358
799
780
1141
3591
124
130
319
3671
716
602
323
2888
325
1199
1542
328
3911
330
3041
3456
333
913
2598
2635
2599
3433
2438
165
69
3567
2554
3302
1059
776
347
38
454
38
836
1234
1178
331
1357
1307
4001
2072
1908
2793
3271
3450
2607
2215
365
2809
3519
716
1347
2021
52
3784
2185
121
3254
643
3422
216
1418
3459
670
1455
199
1903
2633
529
3259
388
3939
433
1234
1751
3225
408
1104
1735
2622
3912
1157
3338
1162
3178
403
404
3389
849
1266
3509
7
1908
2835
222
3326
2197
891
684
2395
2793
3316
2923
1955
3159
3356
3189
813
2484
3596
1916
123
430
2122
432
1731
1279
1363
436
2892
438
360
655
3740
1626
68
3746
3533
2902
3968
2762
1002
450
451
452
762
454
3446
3397
3555
2665
2223
460
1413
1727
1482
505
2539
3966
5
468
358
4088
2126
2088
1270
3488
883
476
1630
46
527
480
3255
113
176
2691
3014
47
1357
4016
809
706
3316
267
3370
1442
1679
1001
2924
2184
3539
2793
2188
3897
2784
217
1888
4053
507
508
3704
2771
1586
3749
513
3297
744
3862
3472
3435
2779
3519
695
2698
231
1400
1917
497
673
3359
2175
1673
2186
262
1116
882
2449
916
3665
2665
2803
3621
2272
1477
1111
1925
677
1854
547
1690
53
1192
372
3571
1886
3070
3801
3285
557
890
201
3958
152
2375
1534
2337
2637
2649
567
3218
989
3564
2786
3654
2271
2311
1829
3747
3421
3753
328
1178
1346
380
2370
1718
3950
159
691
3654
3444
1580
3854
3305
1732
2132
742
4068
672
3391
3190
1661
2858
1879
1218
1032
93
3046
683
608
3513
2703
1010
595
4048
1389
2964
1669
1242
3122
2359
799
621
2469
3939
624
556
1677
1574
628
2687
630
2419
1545
633
3359
1713
638
923
474
2517
2140
1506
2609
1089
2188
2026
3791
647
3197
2620
3743
489
1487
1315
1730
512
3674
2528
2981
3516
660
3083
561
993
1673
2979
2537
935
595
3175
1857
1069
672
1595
674
675
3996
2574
107
989
665
2132
683
3861
655
329
253
687
2141
1644
1982
2653
1221
693
413
1537
640
3495
2097
699
1632
1071
980
72
2006
705
1574
3246
3862
2642
744
3762
1119
713
851
654
1783
2982
1336
1547
3637
1665
722
1799
1681
3308
3780
237
432
96
1773
1071
3590
3870
2702
565
753
737
2773
2570
2326
1923
2335
872
2666
2000
746
1990
748
3516
2653
3773
2402
3989
1223
1942
756
1557
3022
3622
768
761
2705
3859
1199
2801
1535
767
2269
769
2294
1308
772
773
874
775
2858
2060
778
779
3646
1331
290
1472
3666
1161
42
1569
3150
3557
790
126
2826
1862
18
4049
3803
1574
2974
3329
2341
801
1582
3091
3539
286
529
1711
2580
1837
2584
811
1341
3896
2133
2672
89
3605
2241
1249
3646
3809
303
3106
3934
3128
872
3951
3080
578
1428
1957
3906
3768
3539
2900
3210
3824
3429
824
2307
841
1169
3407
3648
968
1444
2223
1057
952
367
2305
501
853
79
2607
3606
4013
1639
381
3867
622
959
1199
2579
768
870
2021
868
3668
4080
1748
3000
807
874
4055
72
118
3606
1039
1561
1732
2095
2512
2098
304
886
3012
888
2176
2910
2521
2092
452
2902
1863
1074
3860
3061
3652
531
3930
1576
102
3913
3323
3101
907
624
3281
910
911
3172
741
2790
915
916
115
2301
425
2209
716
2522
2512
3727
602
1326
2151
2693
1777
956
459
2850
719
3519
2405
1250
3353
3980
1351
3169
3207
356
3792
2391
3527
436
1085
3641
2736
1509
1754
952
3451
4031
169
3081
536
1494
1136
3228
3271
2091
3687
2024
2810
3109
333
4059
2365
216
1313
1438
973
3422
1668
1133
1717
1099
1569
2801
643
208
983
213
2396
3659
147
2565
989
2643
682
4058
3778
3910
3232
1773
997
3500
1160
486
2512
1492
448
781
1707
1760
2218
1033
3428
1010
3350
2749
430
822
1453
1072
1030
1665
3468
592
1812
1936
3234
2493
1897
2916
2306
1033
592
1709
2192
1077
125
3683
1524
905
1293
3283
3122
2325
2614
2375
977
3043
3197
2429
19
130
4094
3486
721
1809
1325
1054
3954
1056
205
3221
2773
2511
157
3364
123
2348
344
247
1934
1068
1867
1151
3227
1054
176
1455
3667
2551
2432
2614
1079
1651
764
1082
2632
1780
761
2021
2500
2569
3345
2357
2774
2469
1034
1188
2626
1096
301
1310
877
645
1557
2811
2511
2707
1941
3564
2883
3395
3135
1337
1111
1730
1652
2987
2494
187
670
3254
2207
3169
1727
1455
1429
404
1125
3923
2462
1591
2452
2763
2900
3329
3407
360
2043
1136
1821
3067
3983
1289
1853
3281
327
3189
915
1978
2079
3408
2164
2748
2565
274
1820
195
1728
3248
598
1554
1614
2188
4006
280
992
1164
3238
3686
1167
1351
1184
1410
321
1070
2698
2173
254
3024
1177
1265
1168
905
3343
479
1183
3068
1994
3044
3341
3813
3238
972
1191
2965
3836
2526
482
1196
1927
2435
761
2918
1576
350
173
2759
1759
493
3828
361
2666
4081
3384
3930
1153
193
1215
3177
1631
1218
1219
3260
1074
578
2505
791
1225
3816
3476
3755
1229
3555
1231
1905
1233
140
1385
243
900
207
1818
1240
1249
379
480
3007
1245
871
1247
211
3367
3536
196
2655
3370
1348
2847
2450
2978
2010
3523
3556
418
217
3275
3894
3971
2733
1702
14
21
1945
913
227
3762
1274
2161
605
146
1072
1476
1280
356
1282
342
915
551
2996
188
1898
1746
1290
2637
780
3756
2064
239
77
2280
3513
3970
2155
2149
1576
2168
2169
3520
3081
2396
3185
1145
3000
3330
1312
2216
379
3686
1316
1317
2558
1294
140
1457
1481
2038
3203
22
2817
2862
2085
3055
2938
268
2471
1333
2812
2422
523
291
494
1339
1340
2691
3810
3574
990
2898
622
3990
1348
2132
2838
272
1721
1299
1565
1860
2755
3046
3897
1861
3067
2617
626
1055
1575
3564
1322
4045
2279
3744
471
2569
141
3162
2282
3714
55
1083
239
4044
3214
3076
220
838
278
1784
2698
3033
733
2498
1390
797
3799
1019
1423
757
2593
890
2079
2542
3168
1726
3012
1640
1404
1866
2077
3921
1483
2132
907
1721
2079
1413
25
701
2298
862
978
4082
3559
4010
718
1961
711
421
2979
2133
1177
1475
3022
3255
4016
2093
884
2932
3732
2749
912
3556
135
3043
366
1856
1026
390
2556
3323
1252
3533
3308
714
3447
4026
2674
1455
61
350
1556
2193
1526
3031
1118
685
2950
3210
1568
1785
2845
221
2697
2304
355
1643
2669
1475
2210
2668
3059
669
1895
214
106
1106
927
3552
1035
1487
3601
3612
1384
1060
1708
2910
4090
2825
3594
2944
1938
1065
632
686
1285
3328
2989
1640
875
1561
3849
3542
1510
523
422
1340
736
527
2446
1663
4078
3480
1167
3593
768
2226
1204
3677
2220
4028
3174
1067
1869
142
1698
2554
1427
930
1536
1446
3066
1804
1540
3006
2818
1249
3529
3239
2589
168
3765
1549
1550
938
1830
3746
321
2996
3242
1088
1126
349
668
1561
1562
3345
280
3841
1566
1567
315
2148
3983
2012
605
1313
2941
2050
282
648
960
3099
1897
392
2242
389
559
1910
1326
2389
1588
1560
1590
1646
1288
1593
705
1595
2734
2413
1054
3401
1661
1333
3146
1975
3481
3032
3987
4085
248
2831
2039
529
1612
3479
1614
2998
3627
1279
3389
1772
1667
3947
3682
2992
2239
1145
541
3527
1849
3274
1843
2902
2579
3504
139
1635
1628
1382
3619
563
1272
3607
810
7
1549
1338
3485
450
868
667
1650
3838
1652
2640
1654
2333
3689
2225
1658
1228
1831
3369
1768
1261
1121
946
3104
4023
3524
2511
65
1055
3892
3683
1617
1068
3193
2426
1074
1679
646
3763
462
1095
534
1128
837
3173
3460
429
1301
591
2259
573
2358
3520
1694
3303
2527
1620
1700
2730
941
1703
1684
3784
1706
1707
736
1270
1304
1803
366
3729
2876
1011
3395
3337
2106
3929
368
2942
3005
3827
3370
210
321
1532
1728
782
2679
955
1732
1733
2475
1885
3481
4094
519
325
1681
206
1742
1061
2950
1510
2863
3316
1142
1643
230
441
883
2335
273
1251
1180
1757
1758
3277
981
453
3486
1763
1302
1985
172
3980
2939
2646
1768
2324
2644
2286
2648
228
2492
3708
3178
4001
2475
2397
1046
21
2626
1486
903
865
1758
2153
2044
939
3134
2497
328
339
385
499
222
1799
3323
3145
1989
1550
1692
179
102
1919
2670
3809
1000
2574
2187
3396
3619
2207
1926
1009
3110
2790
2766
1166
737
3704
203
3233
1826
4032
541
1829
3617
434
762
2844
3578
2751
297
1173
2929
398
1840
3092
1502
111
4091
4075
2297
3391
1848
3597
408
1220
509
3517
4009
3275
586
649
2882
789
3882
2817
1329
3402
3251
2091
2149
2732
745
2446
3905
3673
2843
2900
1078
2953
2894
1056
1878
1154
2188
556
1561
3407
1065
981
3319
243
1566
3968
3124
2354
3753
1845
3683
3058
999
1677
1111
3730
2421
3556
3538
1997
2302
2341
1906
3074
1159
1139
33
2312
3326
588
3872
2637
1652
756
1859
1894
2321
1921
1730
922
579
1386
2766
165
348
1929
3764
1841
1458
3397
165
917
2839
2161
3218
1083
1138
280
2221
1170
2591
1451
1757
2366
4087
3409
3121
1849
1206
1346
3579
2127
1924
868
796
2088
1215
463
3928
2672
3860
4092
3588
2602
2156
2710
3684
3293
1972
2989
1809
366
1484
3259
2122
3849
3249
1434
2874
1001
2640
123
483
670
2046
1351
1990
1466
37
2565
1928
3964
1141
1691
3959
632
2000
196
2018
3341
3880
1214
2234
1592
1579
3717
754
3700
3469
4002
1038
2246
906
3677
2368
1389
250
317
2739
1715
353
1207
2026
3643
220
2347
1237
82
2979
1433
2099
2223
1216
3312
360
2807
794
4076
3560
398
2044
3449
3465
1435
1598
274
1015
3966
1662
1264
186
304
2979
539
1511
2525
758
3857
3761
840
2739
1097
2938
866
2312
2154
1225
1022
2072
2947
1205
485
2076
3344
557
3949
682
2154
127
1696
2023
1788
2960
2087
2209
2092
1842
2747
3602
270
3504
3362
4030
247
2005
1031
3185
2870
3342
1242
4094
268
92
1202
752
3436
1758
605
21
3912
731
1717
1838
2518
580
4046
513
2421
2696
18
2124
2690
2126
2104
3380
2623
2350
1288
3653
1438
61
2899
2136
2679
58
3166
2771
1260
3917
2110
3017
425
2130
2832
1155
3846
2150
574
3673
329
523
89
2749
3219
107
1342
1226
3486
2162
3965
2164
3575
677
2167
3521
917
737
2323
2172
3595
794
1392
2269
2053
1213
282
974
2181
1637
2412
2184
3805
2186
2792
2161
282
2368
2490
805
2456
1142
4023
2562
2484
1152
1951
2352
630
2627
1776
1546
3363
3
1045
61
1394
2210
3313
2113
2606
3595
3086
2216
147
1910
2219
2795
2938
4070
3076
1209
2463
3880
3664
3605
3806
2130
1992
861
4080
247
1491
2611
2022
3036
1877
2240
2024
4080
1937
3418
3297
4050
1927
2795
3039
2250
2073
608
1737
914
581
717
2122
3044
500
1690
2552
210
3819
447
2265
1070
3802
693
2560
2316
2271
2714
1500
2274
2275
2276
97
642
1483
2033
4059
683
1986
1889
3477
929
3962
4084
2665
779
569
3381
2901
3612
3881
494
2297
2067
4090
2300
216
2513
1063
4017
3205
3623
2237
2308
1822
1026
2333
2463
2508
269
2425
3191
2255
218
2571
2320
2321
3183
83
2324
2559
1751
861
3127
1036
2330
3761
2642
820
158
612
813
373
3124
1875
294
2232
1401
2530
4053
2345
2426
766
2420
838
1034
748
2352
4028
3288
965
2502
2357
2374
1047
964
29
1908
4090
1064
1572
2366
2635
2368
1883
1730
3246
2372
2695
2102
2273
473
2395
2378
408
1874
828
365
203
1593
2784
1040
2627
3531
971
1818
400
3473
96
1446
340
124
3353
334
1187
829
2968
3069
2558
2118
1667
563
294
2139
2958
702
4012
3785
1066
119
1282
3849
1158
3908
3283
2129
1629
3682
1505
2424
1724
1032
1844
1847
288
2177
3033
1116
1049
2005
3673
2436
2437
3166
3671
140
3459
1714
3097
64
1629
2785
1129
1747
4066
881
2905
3877
68
937
1410
3749
2441
3133
2459
2460
684
188
884
972
2365
3916
2087
3413
1825
1664
2482
2472
2473
1399
1803
1844
2477
3112
803
1908
645
3587
3036
2391
3557
3917
1199
3337
3984
2135
650
3636
479
3783
224
667
570
1195
3031
389
3281
2347
2213
848
732
3612
2650
2575
2627
3452
386
3271
2943
3422
1566
2403
3242
2764
1643
3129
803
2293
2668
1281
1979
2891
1947
2548
4085
881
2936
3270
3227
1053
21
3958
568
2671
2437
3194
2026
2822
2369
872
2147
3934
2547
3274
1292
2601
2551
821
324
3403
3113
2556
2992
588
995
1786
2534
3542
1775
3415
2381
948
2545
2568
3433
968
2407
4000
3638
747
3098
1568
3568
1370
2439
1619
1207
1617
2910
3807
2437
3234
3114
1453
2129
3701
2447
3914
2138
1892
1592
1456
176
2539
2599
4001
2601
3609
3507
2311
3512
2606
3048
3057
2513
519
2528
3882
2958
50
2615
992
478
2960
703
2914
2097
3816
270
129
3420
2716
4042
1461
511
1538
2917
686
4076
2821
198
2636
3486
1035
3710
2438
4091
2126
2643
2644
2956
2522
1912
1817
2572
2903
2294
1435
3605
1111
3531
3324
2657
1380
2659
3659
2647
4095
3604
12
509
1045
2667
2928
2669
1195
1025
1652
1392
414
2686
1005
2851
2680
3131
1711
1105
946
3527
3676
3848
1725
1014
3357
2689
2690
2835
448
2584
119
10
1135
117
3614
1146
2700
626
562
4073
2704
1820
1586
1628
3211
2000
217
120
754
2896
3250
2464
4000
99
1895
3580
3946
3619
497
3206
2357
945
1694
2475
954
2828
2592
471
3973
2733
3217
1033
3949
940
2618
1480
2740
2741
54
521
2744
1696
173
1275
495
3422
3738
398
2752
3520
1536
3977
3370
1058
378
2479
3415
2761
1322
76
1793
2275
2903
288
2746
2779
3504
2771
3778
2773
2631
347
2299
14
401
2779
2820
1709
2782
573
4094
2203
2786
3995
3735
2601
3418
1175
2481
2691
2232
2858
1074
1550
2798
83
1149
3343
2358
4052
3630
1007
2734
3038
2808
688
1269
3384
2986
1282
3784
1709
2991
261
1706
2819
1097
159
1345
2823
2824
3697
3576
2519
2082
2171
2830
654
843
3244
2204
926
296
2837
1450
3283
2840
251
983
193
2985
4020
880
157
3308
3865
1438
2995
1478
332
3255
2855
3183
1429
3413
431
1029
2893
2949
3110
967
3603
3953
114
2868
1710
782
409
3159
2873
4064
660
45
160
3644
4065
1039
3800
3276
807
1141
2174
2284
1473
2888
1333
2890
1371
2892
2901
649
1801
3929
3541
654
2943
411
160
2799
524
1869
3580
933
931
3547
1592
2910
975
3706
1139
943
648
2916
842
122
2919
1454
1982
2296
3738
3454
3628
1012
2927
2258
180
2812
2091
3721
3465
937
35
3624
3735
559
2939
1396
3218
1491
2326
2944
2668
3082
2947
3301
2277
124
147
2952
2924
965
269
281
2946
2564
4018
2304
2095
933
465
2964
2274
2966
3745
2555
2969
1898
2971
3113
3491
1933
2641
3129
2491
4036
2250
3981
2266
821
2966
1470
3097
3089
1616
1924
4053
1884
2205
2902
351
2126
1109
2445
3059
1574
623
2707
32
3002
2520
1723
3523
356
267
2555
2846
207
3011
709
2730
2472
1529
1599
3941
530
591
1460
3021
2453
547
3344
561
3449
3694
2687
461
3030
3031
2043
1649
2034
2665
3036
259
3038
2066
1088
1981
1492
1444
2248
4046
193
2454
658
3049
2923
829
2187
425
673
2716
1016
2132
1072
1562
1379
1633
914
977
223
1375
3019
1871
3408
1587
2129
3071
1377
2674
13
2868
21
2260
2818
214
617
3475
3082
3136
1445
1565
3560
2117
184
479
153
1256
2041
1531
2888
2954
3096
2507
3110
232
1429
884
3640
3015
3012
920
1593
3024
3108
3788
3110
1613
1188
2509
1826
1804
1887
865
3249
3452
329
1269
3635
807
1421
3125
3126
794
2847
2952
3681
1705
1362
2694
1936
2791
3136
3577
1479
1709
2492
2399
3301
1420
3144
2090
818
2607
502
2643
314
2388
3508
3562
1743
3836
735
1282
546
2155
3160
2075
3393
1010
1660
3165
1001
2372
257
2936
1066
3834
319
2774
2229
2717
1979
3648
710
2796
2158
1211
1342
2472
3598
753
1937
1245
492
2671
2526
1038
730
504
334
1739
2163
3197
1334
14
2420
173
3202
1079
2157
491
3853
289
3207
1735
3937
3211
3916
3213
434
1998
1030
3217
1775
373
532
2528
2310
1776
3019
884
205
4056
1613
708
293
3352
2871
1626
3365
1194
1799
348
3350
2289
104
3638
3242
1400
1838
3478
3246
1219
2271
1380
2249
4045
1752
2780
2476
4061
459
1399
849
3259
663
1358
2461
1370
1651
1716
144
3276
3268
985
1337
978
1332
590
3274
3267
1435
132
570
3272
3609
1788
1446
892
4036
1394
2644
2719
3870
2608
3177
1172
3456
3293
3839
2529
1821
1113
83
3536
3300
1256
3359
424
2593
240
1755
3182
3506
3189
3313
4075
3312
2364
2826
1767
3809
3717
1706
1107
2264
329
880
776
3505
2051
135
3248
483
1955
264
566
1395
1519
3924
3335
3336
1818
15
67
3573
3197
3573
2665
2413
3551
3346
933
1142
1221
645
763
2927
1751
3354
3026
3255
2630
3801
2663
584
3936
1814
1067
3364
1794
2077
1632
3188
3596
1459
910
3610
1525
386
2710
3376
1001
3050
1027
456
3982
2168
1676
531
2930
506
2281
3388
1860
3760
815
1564
2327
1398
1403
44
2464
3197
2121
4095
2288
1620
1457
3197
1133
2982
3582
3843
3982
2536
773
341
2421
2940
2017
2951
1774
2522
1136
3633
2186
1950
1100
416
3347
2503
459
1715
1603
2579
1713
3890
102
3170
2991
1235
2055
2476
981
3440
1940
915
1753
2281
3336
3446
596
201
2190
2369
2722
3325
3453
1905
811
1178
3005
1226
429
1411
1685
2143
3013
167
3855
2806
269
2928
1700
1503
886
80
2483
2826
3475
994
139
1010
233
734
1210
2423
3103
3484
3931
1651
911
646
2829
3915
1871
3257
1229
3494
3555
1303
145
3722
1061
3500
2951
3990
3989
554
1396
778
633
3508
3878
3603
1627
4016
516
1859
653
1725
185
3755
1560
1836
570
2205
568
388
4075
3824
1617
3534
1030
1761
3159
2090
615
3052
3535
1982
1169
351
3539
2760
1801
132
2266
3427
51
2782
1190
703
410
1374
362
1969
3209
931
77
3776
1318
56
3559
3503
2934
3589
436
599
2651
2526
1213
1606
411
2381
1956
3572
3170
86
2087
1340
3512
2137
25
605
2839
434
1979
3200
2403
1091
34
2479
3589
771
1352
2534
177
189
3595
2026
613
787
580
3138
2000
2185
3548
284
3605
44
2622
369
2130
3961
3881
170
3985
389
3009
322
2367
2112
2724
3458
2146
1107
132
3624
3497
3640
308
3685
1570
920
376
2149
4057
2375
238
3509
2658
281
2034
3027
2411
1898
2811
2580
1786
3199
1492
2107
1470
3604
735
831
1653
1841
3655
962
1053
1384
1269
641
3661
3662
3663
2953
2189
1016
1006
2149
3390
1243
3671
1561
1952
1523
3594
882
3933
1395
3692
2417
3180
2794
3683
3908
1191
167
3415
1925
997
971
3765
1958
2023
1052
3227
2664
4005
1319
3679
914
3467
2973
3703
2156
932
828
3678
429
1709
3515
3711
1824
1304
1835
907
1
1646
2097
168
965
4021
1164
1935
3689
3122
3958
645
2252
2525
553
3570
2107
1466
2940
983
3621
3871
1810
3202
204
3518
2620
2027
725
358
2933
3747
726
2004
934
893
2968
858
3754
2056
806
3757
451
1081
667
1095
3332
3191
1647
2805
1202
3112
1649
2184
2636
1423
3994
1741
1626
3415
265
3652
44
622
2489
769
2625
3422
1661
1496
183
3716
2302
633
701
2968
1727
4032
2063
3373
2741
3264
2388
3799
3800
3801
293
1351
927
3805
1715
1248
2668
3341
567
3811
2932
2896
610
3553
1288
1378
2082
613
3038
3821
3577
796
2657
1782
1428
3357
654
3155
3293
3831
2716
3833
2431
1937
1883
723
2229
3839
3233
1649
3943
385
220
3187
951
3151
1987
1560
2608
3274
3852
2937
593
3887
1878
3857
73
586
438
1855
2013
3795
2508
1071
2991
1127
3502
831
3009
3871
128
3059
2145
1776
2905
3877
2529
1996
1996
3479
1050
3982
942
3657
3159
3878
153
2949
1659
226
3534
2097
2080
1451
1795
491
2521
689
1617
1926
1519
529
2053
481
3906
2673
3829
3909
3385
3911
1106
1728
1284
488
2777
1169
1430
2338
3920
232
1211
2490
3180
2870
2715
3927
2618
870
698
4068
2664
1188
2492
3352
2804
322
774
3332
2374
1254
1909
2106
542
3014
3833
1826
3501
3949
2514
2994
834
755
3225
2045
3244
2309
818
1863
830
1687
2560
801
254
3748
3292
3605
3968
2455
3613
282
1691
1891
1535
3599
3996
2076
2516
3733
3901
3981
1920
2150
2799
2754
2904
1927
3988
3989
702
2051
139
3993
1519
3995
3913
968
3205
2377
1768
3458
2028
964
2966
386
480
3247
2076
2370
685
4011
1578
2270
4014
2760
4093
4017
1906
2565
1917
4055
1267
4023
574
2862
3193
1275
816
4029
3332
2793
4032
4033
633
203
1901
3009
1971
4039
1262
940
2934
131
1325
3413
3377
3401
4048
1687
4061
4051
882
3956
2724
879
4056
1765
4058
1192
2795
1723
2458
3368
488
1555
546
1303
790
3338
1935
4071
992
1142
847
4075
4076
2962
2403
1786
1799
2533
4082
3111
1116
1813
2415
2802
1777
3296
4090
2661
4092
404
78
329
1596
