70
498
55
4
336
141
260
270
159
101
121
108
458
262
9
380
463
280
19
412
250
462
184
472
219
172
448
260
328
72
256
204
33
408
325
190
462
149
330
210
418
42
489
310
26
84
255
288
92
123
238
372
22
487
321
205
447
27
377
60
382
287
192
454
30
395
349
354
72
299
502
402
508
408
75
378
305
433
79
461
48
208
41
170
445
412
87
191
420
220
396
354
247
260
223
21
451
164
50
100
333
1
403
405
299
393
294
294
288
110
159
86
208
107
133
416
147
302
348
46
493
255
266
376
96
512
123
319
20
61
482
69
393
482
471
285
137
268
351
66
49
142
126
224
135
334
331
148
267
237
477
57
72
11
37
156
327
276
412
422
161
275
22
228
294
82
198
168
362
474
167
320
247
435
159
312
483
284
24
105
181
105
183
354
372
341
318
428
413
328
464
227
91
363
136
365
384
364
146
465
201
49
507
426
215
206
315
160
137
473
472
108
244
495
212
349
336
218
71
177
141
498
223
77
469
449
303
47
299
439
231
412
170
234
290
45
122
338
40
36
40
354
195
177
314
154
284
45
136
495
393
252
471
54
58
100
39
134
56
488
437
102
274
363
1
444
267
140
269
46
53
272
477
85
88
4
438
283
180
239
436
463
60
284
446
286
164
18
499
221
117
292
25
354
172
512
278
274
274
300
128
274
205
267
319
257
231
403
345
235
328
115
414
54
38
365
337
97
298
500
115
284
208
231
308
49
403
308
327
164
69
454
437
273
209
244
337
17
439
134
361
161
462
475
63
3
1
427
339
97
212
326
211
354
495
21
357
442
290
70
332
85
363
396
495
153
337
419
425
33
150
372
442
472
284
376
290
120
233
253
182
235
253
96
62
349
307
387
389
48
289
408
489
67
477
308
151
360
290
304
184
196
216
217
346
145
176
117
435
295
349
175
413
477
71
427
60
132
263
367
7
310
423
143
414
286
209
378
429
81
360
225
370
151
435
408
54
366
112
399
511
287
3
444
433
70
447
351
95
34
421
9
93
41
271
459
47
69
90
354
298
462
325
464
435
145
467
37
292
295
444
345
149
44
231
147
330
233
67
399
71
161
432
492
169
13
20
439
489
471
66
507
48
13
349
346
337
271
490
373
501
50
273
304
395
421
347
508
113
55
165
346
