1438
264
371
1452
1771
699
14
1688
1716
1480
1951
389
1586
593
15
69
1104
1759
1450
330
1711
11
942
595
163
560
758
378
1807
564
938
1682
2001
1202
5
1405
924
703
1418
40
41
563
370
850
465
758
387
1057
826
50
1490
767
228
1819
429
238
713
1024
400
1272
1781
778
63
1030
296
1715
663
249
868
667
71
1653
1792
1369
75
1022
306
1739
1871
771
81
448
209
1827
1274
1698
546
1501
1469
974
1738
133
1997
89
1404
1729
866
98
385
2025
533
1047
225
1400
105
106
1714
1877
1143
1034
850
1449
724
673
171
1172
117
881
1997
397
531
494
1897
1999
1468
1586
83
1416
1674
1486
1097
492
1870
1073
1024
868
1297
375
533
1125
1518
1567
1974
918
242
598
147
1088
1413
1479
1036
152
153
1809
2009
1530
1657
1959
949
1194
2041
316
163
164
820
1478
167
1412
1311
1299
436
286
118
1732
660
651
177
808
129
169
734
1046
410
1331
85
1823
761
1121
1583
721
602
192
1192
631
1550
337
623
1865
1156
52
1229
202
418
204
1350
1664
703
1468
1348
1363
70
212
107
1491
238
216
840
489
647
123
573
421
883
1693
2004
1604
246
1147
186
1795
1483
809
1612
591
860
792
1008
162
407
1711
1629
1754
1025
244
1698
1861
467
1935
652
955
533
774
253
1528
954
1657
1172
909
1212
1418
261
7
1397
264
1164
1489
157
727
31
1017
1518
1039
1178
1925
701
758
1630
1725
407
1442
143
293
283
46
1098
825
819
577
1778
427
1748
638
1638
1117
644
987
297
298
233
85
1143
959
115
111
429
306
1153
1288
305
310
1853
2045
1934
1529
403
1328
1672
318
695
1373
721
1520
143
1297
1249
570
327
328
996
1887
159
65
482
1145
297
566
240
1255
681
350
341
1683
1833
1638
345
346
347
1987
1638
1634
1873
1118
2037
1152
741
683
476
1461
359
154
618
709
363
1403
1187
1705
1241
1346
1769
1722
442
17
240
681
1271
920
1031
906
704
620
844
293
205
668
1411
193
1819
103
876
246
1564
1029
864
224
383
2
397
398
1928
1623
1347
1648
1297
1789
1664
1536
421
887
407
1451
1792
1110
22
587
415
1403
227
1255
765
419
1025
867
1294
1271
382
275
86
428
606
657
87
485
433
232
1434
85
1528
1174
1748
1015
1594
586
1421
997
329
482
1018
916
1884
1244
122
600
1663
1146
1467
908
368
458
1848
1182
453
405
463
1839
540
890
22
1973
974
1549
1098
673
515
643
475
1259
477
1935
1639
1587
368
609
454
204
1852
575
803
1466
1721
221
491
326
40
494
21
496
1507
493
425
1297
1032
1314
1318
956
239
818
5
912
1332
647
122
1218
238
1708
1586
846
114
1789
519
520
649
688
543
67
360
764
392
400
784
1898
892
1208
1147
1923
474
416
830
712
1234
834
1623
517
1480
1744
1735
546
1717
1404
1272
514
1517
1012
1163
156
1554
1229
516
269
1620
915
561
1052
1469
564
1806
212
1680
685
983
461
1396
168
1294
971
684
725
577
666
370
394
21
1641
907
1537
604
21
1693
110
1249
160
378
820
1074
1430
241
596
831
1641
807
462
277
1789
922
1672
1956
167
594
592
609
891
611
1260
613
961
1284
1280
554
143
769
1157
163
413
1266
624
1412
572
1644
628
183
630
1645
1025
423
427
617
1230
888
893
970
1809
516
642
878
1975
1110
1469
817
321
381
53
1600
934
195
320
43
357
732
1308
1768
1303
903
1951
899
1927
325
1325
495
1554
164
1387
476
1972
1903
1353
1898
964
677
773
667
1284
681
1153
719
835
39
913
1155
688
81
1269
691
1886
1388
989
695
1141
243
891
2039
121
1215
1316
703
616
721
1479
707
2002
1196
1403
1856
500
1252
771
1272
1918
6
376
588
841
721
414
1500
1995
494
721
1832
1882
1709
924
76
551
915
196
1765
182
811
437
1660
765
1632
1014
572
744
83
218
747
1343
1354
750
87
1348
1730
675
140
95
126
86
589
846
1918
422
506
793
497
1056
1707
692
769
773
1888
772
1503
774
1209
1500
219
793
465
790
875
682
84
181
769
1432
1910
1443
1571
2004
791
1568
1657
544
366
1526
965
871
270
1461
1927
802
1977
105
651
1816
1607
1859
1267
1825
603
1732
566
1478
365
650
1658
1133
33
1519
821
527
1603
1474
47
1211
2018
412
688
934
1282
958
347
1160
835
886
451
1810
653
9
1621
1920
1833
844
175
1603
350
1652
1967
999
1261
1052
1031
731
1578
586
857
858
157
860
1624
1796
126
2035
436
1059
1269
1393
1405
870
380
230
1855
874
142
876
882
1863
1762
753
1647
1936
307
884
1997
1540
226
947
752
1277
1978
1483
806
515
1639
382
897
262
1764
368
697
774
1636
41
131
2016
270
1985
909
109
1152
1800
1870
1904
1398
1757
163
1346
1248
388
245
2000
1664
174
1434
421
688
928
1024
802
931
949
933
739
1170
1646
1512
757
1686
1642
724
942
1956
1579
832
1059
1330
653
914
679
362
1076
2025
1609
1463
221
1560
1078
394
945
1499
1081
1968
252
2029
658
1421
1626
122
970
130
1264
1763
853
1171
1293
1685
181
574
289
981
1094
1253
650
122
1229
211
1584
1449
1770
614
1842
667
64
874
586
315
854
1244
1736
432
1365
1865
1695
1005
1079
669
1008
817
324
305
997
897
594
42
101
1243
1018
163
1329
1453
1747
729
1175
312
522
1841
375
1395
378
689
201
1033
1621
376
632
937
192
1039
278
2016
861
1094
291
1165
42
1187
1758
83
1288
953
246
568
1054
357
1992
1297
1531
255
1818
1323
1062
629
1165
1701
1317
1365
1273
1693
1996
162
1072
1884
225
129
696
1318
419
1861
1359
1605
1570
1441
844
474
1686
1412
831
1629
660
313
1883
429
1636
463
1096
1593
1288
1780
909
512
1424
856
673
1259
1080
801
1955
349
1219
1767
1707
776
1288
1100
1619
1762
737
982
544
318
1641
856
152
1125
22
443
615
1614
1730
346
475
194
1769
1330
866
979
362
1667
885
710
837
603
369
1612
1891
1468
1183
1604
156
116
99
473
1757
1155
954
625
1778
1397
1239
1343
1078
1584
1817
1271
1166
1167
1304
1099
89
234
1460
1755
1119
121
543
1721
489
107
1563
1956
1289
1118
64
1404
1216
536
1188
1112
122
1160
841
1518
350
1195
136
547
1933
1952
1818
1188
1002
1906
1422
413
1612
492
534
106
164
1022
212
1727
930
1500
796
993
856
2012
1528
1967
85
640
760
1602
989
895
100
1229
874
798
1917
13
1800
1774
1236
1237
1434
1239
164
1337
1925
697
1443
41
1719
1654
1248
1767
600
1106
514
1592
1961
477
1071
1879
561
1710
590
114
651
1484
214
1524
234
82
1536
2033
1856
922
148
1144
798
1275
1276
845
538
1279
838
515
144
556
1114
1249
1070
657
1161
1546
1727
1291
991
1293
59
1389
1581
172
2039
1016
385
1514
1249
467
1001
1305
1233
274
1308
1922
1381
1417
672
177
1955
1509
1316
691
50
17
1804
1298
1322
1086
412
410
583
90
1400
641
1478
932
813
1468
1948
1197
933
1148
1663
1934
333
1936
1807
1713
1305
430
1889
1211
1939
531
1260
1955
286
509
992
697
918
1574
786
269
167
1361
216
1201
979
1365
1683
1100
127
568
199
1371
1790
453
531
1677
211
195
933
641
35
95
1382
531
565
1354
1386
437
850
1862
1428
1546
731
953
284
1000
1119
499
152
49
133
1251
176
700
1449
1965
1152
1407
1980
1409
1593
1363
126
478
2003
161
572
485
1418
725
1926
921
1575
1739
300
1072
422
1252
1355
1421
323
1853
1572
371
1986
774
546
637
1438
174
462
1789
105
7
1103
231
484
1057
391
1055
1541
1115
932
413
641
623
712
1457
1713
1459
1044
1461
1963
1019
416
237
824
1467
1987
608
761
712
1153
1397
885
1615
1137
990
1621
191
1220
56
1247
1610
1110
739
676
2042
1151
1317
616
1491
1862
981
1659
1777
1999
26
2013
774
2012
572
1534
675
1725
883
1559
1507
1508
1291
2019
500
863
162
1719
918
1408
1280
2027
99
1956
2020
1249
1523
1224
587
1063
156
1528
197
791
106
222
755
880
185
1327
365
859
1539
1003
1247
370
245
1218
869
1107
1379
540
2024
738
1819
2002
836
1726
1974
37
901
512
1099
1056
709
1562
1889
1162
930
595
1567
2041
1115
1921
357
1572
1573
1973
875
1604
294
1119
773
1163
177
103
1702
152
840
1472
106
1676
1150
31
1712
2
1593
542
762
1058
1250
602
171
132
1196
1602
163
1246
1069
519
1170
1943
74
1464
1611
1014
846
578
1190
948
231
1342
1788
1620
1702
1622
1447
1415
803
1477
1078
805
2018
1630
1631
1839
1862
1220
392
2032
1351
1587
146
548
607
664
1717
502
738
1132
1515
1583
1709
656
483
1652
1939
1997
222
1593
1395
1636
347
1660
823
665
1151
793
455
1666
964
2012
846
947
1314
384
1092
1861
991
1756
1529
1678
1492
445
613
958
2027
273
1613
461
164
1562
682
1756
1691
908
1693
1694
269
54
1731
933
1205
475
1387
1702
120
438
184
1067
1751
568
110
1563
1558
1865
1043
1001
261
1716
1717
1655
1719
1958
240
1928
1522
700
43
1035
1727
1382
1729
1798
1943
1650
1851
1625
535
1007
51
1921
1127
488
57
145
190
624
1745
254
1752
133
71
746
1133
1752
331
353
1042
570
1757
232
515
1270
274
1550
603
23
1444
204
1873
1020
738
832
1070
611
1958
1557
667
54
1746
1290
307
1449
1422
377
146
506
708
498
1547
1277
729
13
498
1792
1002
1562
1100
1024
957
1798
1304
849
1976
2041
1680
1804
997
603
1589
505
1269
1642
202
510
1813
1948
1650
1931
277
1796
388
984
245
1934
212
974
1947
1826
710
1975
1460
1809
951
369
1064
1799
296
1057
1837
1430
1293
1659
970
1797
880
563
1999
1389
462
1600
1272
738
1347
1659
1721
1592
1855
1856
1545
1933
1859
517
1443
594
443
854
1865
354
1867
1393
1222
1418
1143
1518
426
524
762
36
1493
510
915
1880
1881
7
460
256
469
12
1527
1888
1206
1358
1137
879
901
633
763
1417
1897
27
1356
1900
1860
881
1709
1204
54
1078
299
1571
1503
822
284
1539
267
794
405
273
1253
660
741
1264
138
1947
574
1924
1275
777
1474
1907
1539
843
1934
846
654
766
506
1857
819
1938
1584
107
342
1038
929
625
528
1195
1947
1418
933
1467
623
1592
160
1886
1730
58
411
956
834
1885
814
324
679
699
1965
1169
1332
1464
1674
1970
1140
235
1209
1247
576
199
127
1200
726
1321
570
1658
739
1192
1202
898
1987
1029
883
955
1440
1838
1788
1276
603
63
1954
1302
1231
1237
2001
717
857
328
951
17
1574
1526
215
2010
1700
678
941
2014
972
1247
2017
550
1711
390
1751
560
1418
585
1515
809
374
1254
36
977
2031
1317
1989
230
499
1177
946
1355
1505
1897
1372
1030
1374
1586
682
3
478
1653
