4552
7842
891
5572
2596
4149
7706
5377
4242
4527
1440
7369
121
806
2297
1802
17
1755
2759
20
6370
3275
4323
1121
5084
1218
3070
3868
7530
1604
2002
5401
3480
6553
5050
4370
3932
7645
326
3445
4829
42
4567
7971
45
46
6268
48
3744
8092
7073
6040
1701
635
606
8070
3910
4928
998
801
6146
4068
4668
5483
5671
6670
2691
958
5030
7740
5327
770
7192
5652
4214
3829
2026
3993
1904
5769
3892
785
3616
5592
1419
4221
5469
5328
957
6466
6128
7102
2341
94
2604
4392
8011
98
1081
7082
776
6110
6629
6102
6879
5628
3561
2901
1264
5587
6893
3168
3163
2592
3952
6779
8183
5370
2807
5459
2506
3763
3732
441
2672
6073
3044
7063
5891
4124
5952
6667
2042
4388
4576
728
1824
8137
3628
3087
5531
2328
6254
501
4919
2013
7279
4909
7383
1894
2175
1696
5656
5907
2136
136
3787
5180
7198
1485
1111
4958
8151
3152
1153
4535
3880
2976
4479
7507
6063
172
173
1817
1643
176
4124
2317
6561
6137
1404
3278
5327
184
3297
5452
7022
188
189
760
3166
965
895
6952
6144
8093
245
7255
4858
203
2214
6010
4737
6093
794
1023
5408
6856
2839
7050
2787
5156
5418
214
215
731
6559
218
503
6057
1663
5955
4886
2422
928
5851
3317
7880
3802
3217
8124
2864
8074
134
5078
236
5891
4871
2978
6684
5893
193
5347
540
245
7242
8134
5695
4468
672
251
4061
4970
6729
5723
2732
3422
8144
3660
260
1080
3268
3347
4882
6484
3278
7745
6365
3411
4630
4064
89
273
7608
2555
5982
7800
7902
6521
6850
7843
4023
3125
322
8083
8094
287
7050
289
5613
2634
2280
5564
6293
3359
640
1447
48
299
7123
4724
302
7793
5296
8134
4230
1167
31
3645
3721
6012
312
3253
3430
4340
1910
3080
170
5034
3402
60
322
4935
2259
5672
7568
4538
3043
5668
7897
3682
7114
7944
2613
3645
7544
337
7908
339
3587
341
3582
343
882
3617
7226
4602
1436
2286
8032
5775
352
4195
2919
5944
1036
6320
6003
5971
387
3482
5346
4924
6524
2822
4628
2014
1743
4380
370
4626
5388
3731
4341
782
7312
377
5222
4398
6346
381
1631
5833
439
1470
3415
4634
4389
1166
390
5669
392
2516
7168
395
3447
2902
2457
601
7826
788
3422
4261
404
2801
5164
448
7426
2359
4179
3574
3140
3298
603
7537
1451
417
2234
5177
1890
3703
399
423
6523
8091
1564
3999
2415
539
7446
5316
2995
8046
434
4949
3783
3275
1018
6583
246
441
1465
443
5817
2605
5643
1198
5744
449
749
1801
5089
2199
4034
2073
4088
7736
2472
2418
7635
4035
462
463
6417
1857
4574
5670
7172
7568
5523
3929
3158
605
4946
1549
850
6410
7365
3454
480
3861
370
1006
4609
2170
486
6094
6807
6203
8166
2703
5747
2445
5120
5189
6480
3344
7045
2861
821
6024
502
2236
6343
1760
506
5394
6947
6705
6942
7797
4923
6114
514
3058
591
6483
518
4063
5199
461
1964
523
3813
6663
1938
6515
4217
4382
3443
1213
2669
533
6786
65
5529
7607
6089
7765
5757
7848
4966
4512
6361
3715
4116
3091
1636
7173
3681
8118
552
3044
687
386
5007
4499
7049
6944
2822
3073
3134
6264
4286
5802
4857
4350
3139
4271
2246
2711
572
1836
1902
7676
6347
70
3198
2270
3160
4833
582
1250
6840
4758
4293
7526
5144
1108
3832
4000
8051
6653
7072
2992
596
4724
3165
602
1389
7515
3740
5659
1568
6450
7494
3469
5933
5648
3538
938
7917
6697
5770
975
5344
2335
5267
4677
7478
621
6374
317
3285
6233
6969
2165
1032
3501
5329
631
1633
633
4889
635
4651
637
5372
2355
6219
3629
642
643
644
1657
1495
1369
648
7304
5033
2306
652
7029
3537
8075
8003
689
2218
5077
5365
1503
3259
5681
4788
1299
4458
6952
2330
7958
670
4088
3963
4654
547
1142
7008
6765
4771
472
67
6139
7776
5099
253
6612
444
135
688
6422
690
1132
2352
3306
6496
3855
6564
3985
450
7862
250
7401
2000
15
3296
5962
706
4668
3842
709
7103
3483
2414
3681
3955
2481
1628
3538
7579
1880
1957
8022
2014
186
961
4366
3491
7457
28
729
730
1863
3249
477
1532
3498
7877
3531
3512
2980
1300
8179
6822
211
3469
1043
3891
7423
3523
749
5518
2768
752
2910
7397
4724
2739
1219
4909
3700
5584
208
2964
5611
2070
6212
6087
3601
1517
5771
7132
5028
558
239
5014
7379
776
449
290
230
4340
7713
3752
1665
784
2288
786
6661
870
7012
1208
2088
3728
4907
7671
795
3935
7870
5089
6004
5889
2983
1413
7405
561
352
4240
1118
590
1061
305
1039
1350
534
814
5378
870
4285
7042
3158
2754
7911
1977
3961
1806
5704
826
675
1284
1447
352
6372
7450
6240
1162
670
5452
837
1722
1021
1499
2840
1611
843
2559
3144
2649
3908
3677
8026
4778
7961
6875
7935
2522
855
6594
1719
6482
207
7422
7156
1491
676
7507
7862
8126
5554
832
603
2813
2553
1624
4311
874
875
5392
3234
6869
879
343
5882
2585
883
4019
5715
7362
3788
4397
7104
6309
2798
630
4599
3005
8051
3562
4495
535
2877
4164
468
238
4995
1070
905
3051
7548
2693
7361
4747
5926
6038
5090
3615
430
916
916
1137
7791
4703
5534
6702
2820
139
7331
7418
3143
7189
2787
7637
7723
932
5663
934
3609
8190
5901
411
1068
759
7958
3760
8119
4513
1494
5964
1410
5108
6393
950
2325
6245
5991
7028
3586
4500
1655
3724
3638
880
6867
2635
3666
6311
2165
966
1137
1727
2163
7037
2138
3230
7795
974
1903
6989
7721
6415
979
290
5493
7824
5398
3693
1957
3450
1492
988
792
7035
5991
992
2446
2566
1437
3325
1240
4071
6990
7551
6235
1002
8126
1085
205
1006
6970
3222
3434
6572
5125
2231
1013
6101
3347
2520
3401
2979
7917
7093
1021
4935
3174
392
5726
2016
6383
8171
4582
7819
3303
5821
3697
2100
5179
1739
2034
6264
1944
811
1293
5377
7383
6417
7607
5291
1572
1935
499
4550
1659
7591
1292
4833
1055
7983
7017
6848
6173
6995
3237
5799
2105
866
1303
4204
6044
3041
6237
4115
1071
4984
7048
5408
2169
6238
3632
1583
3336
5203
3517
3834
1560
5176
3232
2851
1816
3022
1675
471
1002
477
3708
6800
2581
4573
1097
8102
1099
6785
2424
2951
1103
4829
6539
7934
3684
3754
1910
1729
7385
3493
5064
1114
1115
4396
1117
7009
705
5955
3992
3937
614
5807
6958
2288
6278
7960
2765
1793
6567
5345
6365
6477
3937
596
1235
574
7134
976
4257
2695
2886
5986
1888
6378
2857
6283
5194
3562
4045
994
7498
4658
1155
6800
6263
6946
1159
4885
1161
6030
1518
6677
4405
6862
4849
1168
1169
2689
2607
5445
3923
3180
1175
4386
4898
7436
7081
7783
5229
776
5968
8086
7058
2970
3455
2910
3963
2760
7568
2570
830
6321
7455
6860
1197
1198
7838
5939
3072
6507
2596
5760
921
8040
1490
4100
4233
1210
6387
3344
1213
3121
5978
380
3896
3753
273
2761
6722
3727
5671
2492
1225
6486
5046
5062
7316
3174
4324
5983
2819
2070
862
1133
4665
6621
2054
4512
8110
6153
553
6304
1304
3673
4089
1684
7569
7842
1956
2137
6371
5683
7807
671
3976
1258
4660
5732
3099
7833
1863
889
2459
3932
1750
3592
405
178
5645
4916
95
3605
5468
6399
4909
1278
949
2295
6592
325
1944
355
2461
123
6037
2076
793
1821
6735
6524
4919
1294
6376
194
5808
642
4125
7557
4233
4529
7735
1685
1253
7829
5290
6720
6035
2006
7668
138
405
7992
2081
759
2261
2203
6796
4336
2995
424
2878
1326
5342
1061
1519
2957
1703
5644
2322
5935
1980
1864
7620
3232
1500
1338
4717
1760
7535
6722
1235
7672
7126
1035
1560
7884
3295
3763
1351
6487
1353
7630
6757
1356
6910
2315
8083
4060
3376
1409
7016
5078
7052
1145
2820
840
3008
2247
4071
4508
6963
5830
3850
5492
7065
3329
4425
8099
1381
4888
4117
3201
458
1386
1387
2411
2638
7215
1129
4952
7105
5188
135
321
4011
5212
7373
5156
8032
20
1403
8163
1405
2086
4090
4478
857
1728
135
6348
600
3463
2581
506
159
6697
1419
3706
616
915
6343
7830
2043
3102
6742
7230
3237
7063
3049
256
6243
12
95
6262
8174
2181
1439
2159
4460
3037
3886
4594
1192
4485
8057
3772
4990
23
2276
503
638
3191
6845
276
5233
1755
1459
7017
4271
4991
5887
7319
5246
3937
1467
7330
5341
2006
7311
7521
4165
3578
1475
2365
8050
8172
3556
4343
8036
7328
1140
8058
1411
1643
1487
503
4601
295
778
1642
2049
7795
5912
7039
5489
5038
4093
1234
1501
4175
1241
3239
3293
569
7403
6871
1509
2933
7261
6850
6488
3411
6693
5623
4550
6558
1519
7034
1521
1522
6192
7060
3442
6487
7838
5083
1529
343
7440
2802
7382
4736
7839
3282
5969
3821
4522
1016
7114
5090
226
1544
5792
8022
7486
4449
6317
2704
2949
3748
7254
1314
2589
5253
181
6030
3547
1560
8018
2921
3890
7265
1565
5722
3079
1568
3809
5369
6360
1585
997
2689
2600
8110
7778
2826
5709
7607
2119
1965
5731
1584
4823
4913
1286
3884
6226
3874
944
1592
6407
1712
4491
6232
4632
188
5305
2161
3266
921
7529
1433
2505
334
4121
5105
251
3706
7930
5960
3120
1856
7924
658
6678
4645
1944
2369
1621
1622
2678
5817
3313
892
7528
7803
7124
3967
7990
4236
6128
3063
5156
1636
5464
4495
7660
5797
1641
423
1643
4572
6048
4128
4309
3815
7247
6165
1651
3546
7904
4650
8190
1655
7019
2676
7472
2139
3567
6807
1749
2498
2582
1546
6733
517
4608
3696
5980
910
3164
3585
1332
7735
1440
5459
3852
5254
1681
4513
1824
607
4224
6473
1687
605
5879
5299
3280
5158
7437
6846
3772
993
1152
1698
6353
2538
7884
6869
7145
3388
4657
1706
8054
6551
49
1193
6093
1488
6651
1752
6741
2971
3575
7347
7195
1856
7951
4881
7154
3038
1846
6399
1692
5617
7391
2843
1731
3778
1737
2534
2454
1736
689
5921
7110
551
4279
7158
1743
1743
2180
453
202
3931
7193
3172
7506
6348
2174
1169
6106
7054
130
1758
952
707
6528
2643
1763
6324
5727
1766
5485
1909
7463
8018
4362
8151
5747
3280
509
1833
2245
2252
1779
4012
2698
2453
7943
1698
5624
7256
8045
7798
232
5959
6659
361
6910
7366
1795
6889
1360
5497
4423
6844
7405
3693
6669
3574
1805
3651
4223
6853
1809
1810
4160
6056
1813
906
6411
1816
1875
3603
671
1625
5300
6294
688
5153
5899
1826
919
2919
1829
4366
1280
1636
3539
8168
2995
843
4398
1646
55
8090
122
3628
3548
4345
2289
7707
1847
2208
1849
3194
5925
4082
6796
6595
5707
3903
4697
6394
1859
863
2403
7313
3781
6768
400
5416
2114
375
218
2956
4772
1863
3010
4669
1985
6638
1877
24
6329
734
7731
344
3927
5463
4425
1886
2530
3866
1889
1939
6432
370
141
7295
2772
7453
2883
1348
7852
107
3461
34
324
6417
4805
2187
1234
1281
4171
7871
1304
2307
412
842
2650
4338
6305
7074
6867
1978
821
1922
1923
5107
2347
961
4209
5118
221
7091
6465
8072
7197
1734
8105
7521
8150
4717
1515
1191
1941
5997
5685
870
1945
7300
7991
1281
8142
1950
2448
5619
6254
1954
1329
4293
39
2149
1207
2385
3109
5415
7502
3329
4314
5775
1967
3208
3318
7508
3120
2646
7465
7836
4160
463
1977
5640
1652
1332
4748
1450
2613
4697
3897
39
2758
1988
5226
4331
2796
7374
5538
5180
1995
2291
2760
4489
5619
7073
2071
635
2199
1386
3754
4844
658
3398
812
1121
845
2463
2452
5592
3913
5064
2096
7809
5102
4853
4842
1241
7648
4024
6778
4635
2027
6314
1345
2030
932
3740
226
3002
4374
2424
4388
8128
7267
5045
3333
8078
6165
4177
2349
425
1577
6261
5488
2050
3672
5877
2398
2054
333
2527
2057
3638
7980
6550
2223
4423
4671
3567
5354
218
3792
163
4592
6215
4550
4527
5290
1403
7859
5175
7567
3843
7523
2080
7991
5419
5591
5287
899
3276
7684
1231
2089
5802
3129
1018
4159
5351
5440
637
725
2601
854
4517
2764
5445
2539
7313
1779
7828
523
1445
4811
8090
5288
4141
7888
2514
1540
4982
3412
4815
4473
4642
2424
7601
2123
5660
6582
4759
2907
7218
5484
5508
2131
8071
1808
79
2135
2136
5324
4346
7391
7102
3982
7914
355
600
7811
5642
4740
7506
8155
6279
4296
3375
2901
576
2155
2156
8016
5324
8177
5483
2161
3713
4743
2164
198
2738
2034
5705
2617
3841
5783
7940
8187
4981
6849
3976
4702
7203
4575
4320
4652
1122
3634
4615
7401
7929
7989
2109
312
7812
7433
296
5103
2953
5039
5300
5691
7072
2812
115
2721
402
8054
2204
2715
5382
6710
6690
1892
5721
3072
6211
2213
2180
4193
1652
6794
3401
1388
6590
5510
1700
6210
4750
1995
3120
7702
7033
227
5200
5913
3038
5314
441
3439
5175
3155
628
3693
1652
2519
1221
4723
538
3400
2246
2247
723
2189
2002
4124
3577
399
1441
5276
6608
6190
7270
1535
5699
6111
1761
2707
3831
4798
8020
4271
44
5003
2270
7425
672
2273
503
884
3190
1723
5606
3727
5122
6328
5916
7123
2284
2259
1300
7522
3699
6575
5937
1696
5652
7472
7395
3570
1040
1909
7400
5838
1736
3478
5881
2303
2304
6738
2710
6552
7240
3593
1550
770
1006
5276
5892
7334
2999
2317
4822
1400
4298
4151
2322
5099
2324
2680
1896
6794
140
1175
5996
3709
2214
7904
2917
8051
2336
1448
6394
5740
2340
8185
912
4099
7233
2345
4504
5648
8002
5510
2732
2351
5701
4651
5730
2331
6050
1836
6481
2956
4515
184
1558
4654
1358
7553
171
3572
7265
3087
3430
2371
520
1288
2374
977
512
2199
5076
7744
6703
2531
7554
4020
2384
5262
5062
2387
478
2800
7392
6527
4635
5681
1291
957
5864
2848
5611
7222
2208
2401
5781
2601
1280
675
6030
1799
1962
7007
2311
4161
2412
3890
1862
2671
6420
1223
6690
3490
6285
2421
7167
6289
5484
5501
2731
2972
6791
3687
644
1446
1105
7865
3654
6885
2273
4933
7559
110
6732
1329
7116
850
5489
2445
2813
2711
8159
1041
2450
3934
6656
2453
4530
2026
5630
2626
7509
2459
2938
5356
2289
1537
850
2465
2932
2982
1955
2604
6635
647
2472
4876
3376
14
4985
1915
1342
3909
2764
6830
6721
5474
6796
7761
1215
5259
4098
3240
2696
6723
2557
5633
3886
4845
7169
4736
7776
1959
2500
6690
2187
401
7336
7062
3776
7349
3854
5690
498
7762
261
7327
6291
5735
5930
5859
6949
2996
1765
1997
5691
295
4553
2525
3132
4181
2528
1205
2108
724
2532
788
4066
7413
2974
4467
2538
6556
2540
1843
50
5713
5696
5740
6210
2547
5266
6000
5345
3364
3542
3082
1030
2299
6078
2794
2558
4295
3576
3089
655
2563
6707
7269
1859
623
7992
2646
4688
7212
2572
5619
962
5575
7461
1012
3095
4964
6751
1113
2037
4558
6457
5400
8100
1346
6430
2206
7423
1031
2592
6500
2807
4119
7154
1321
3195
820
1943
2994
3465
2603
6631
2013
891
7592
7588
159
411
2490
5122
7161
3602
7159
2616
3527
1866
4366
3434
3212
2603
5639
2442
3634
3946
5248
7752
2629
2907
2631
2632
6569
2755
3726
319
5748
7190
6949
7761
8080
6349
7156
46
6759
1453
5167
2648
5728
5055
4133
1062
6920
307
4495
1939
2909
1941
2659
4381
6542
5886
1436
6102
600
8004
664
4325
131
6411
3322
7079
5979
3209
2675
5235
4942
3254
3802
6395
228
1337
3257
2684
4361
2398
1984
4667
2689
6892
3923
2692
2693
7575
640
111
5925
6525
1546
3834
7124
1358
4497
3256
1488
2715
6577
374
502
1593
5609
5443
4846
1218
3645
5073
2554
6901
1241
4951
693
2722
5907
3650
4615
5290
4289
4725
3022
2621
6270
6855
1552
7627
3159
4807
922
5873
3191
1296
6374
4783
6904
3625
1436
2746
8121
2748
7269
6508
2482
5978
7749
2754
7432
6670
5463
2889
3092
2560
7177
7816
5581
1605
5893
4243
3156
5328
7401
7962
6249
5082
2960
7544
3263
7742
6255
6887
985
6183
2781
5964
7492
472
3749
7048
7903
2226
4319
2599
5317
6878
2793
1583
4940
2796
4267
3187
2640
317
6342
7967
7718
6111
6024
4607
2807
878
5375
7869
427
3438
6564
1411
1428
4335
711
1900
8083
7758
1610
2116
3884
4209
7432
2826
2570
5791
4179
6836
786
6818
7152
7127
6593
6677
5046
4424
3091
5923
1606
2768
6350
5043
1139
7760
6471
5473
278
178
5363
8036
1787
7478
3727
5995
6717
6296
3594
2703
4939
4379
2863
1328
3899
3313
7920
2383
166
2870
4151
5474
6089
5757
49
4246
2607
1187
3813
2880
885
6659
4091
1062
3829
2886
3934
2888
2849
3114
7660
651
1638
5764
4244
4340
2510
430
5667
6408
3743
2902
5395
2904
2905
599
2907
3908
1353
6072
1804
7109
6120
6049
1524
7306
2917
1670
2408
5772
5760
3470
1408
1501
6318
4521
968
6968
6158
6731
2931
3020
2305
1049
3449
7971
7456
7191
5173
8054
2907
6526
5933
2944
4710
5442
2947
3860
2567
6965
2973
4236
1181
552
1803
4650
1959
3303
2959
2960
2775
6479
4270
1550
4444
2809
2967
4569
6748
3857
8018
6527
3120
7016
3507
2976
2977
2982
1730
1840
722
6440
7282
4582
2985
814
6054
7554
2989
5049
7234
8106
2993
6851
2995
3691
1872
1961
6465
159
6230
8015
4602
846
4391
3158
3007
4702
4216
1492
7822
3040
4998
2611
4769
6838
3332
3016
5927
7913
3829
3788
7275
685
2830
7188
3027
7535
6520
867
1303
4793
1025
3034
7533
4615
5627
186
813
592
4888
3042
5029
2083
4517
8068
7080
7127
4644
5725
2266
7660
3459
1987
3296
7247
1069
3981
1884
64
3323
211
930
4626
5003
1955
3966
1425
7581
4151
3071
2238
8172
846
7266
2062
5362
7141
949
4296
3592
6674
3083
6562
3059
3086
1940
356
6355
994
1424
2143
3093
3094
2877
1487
5465
3088
2416
1898
8090
4370
5863
1323
3758
1822
3560
3737
2667
2633
5798
8029
1581
6747
4132
5172
5228
2501
39
3120
7167
2856
6393
8161
4279
343
2845
3128
5765
5807
5932
8181
7705
5830
4358
5375
3137
7152
8116
3140
7196
2519
3660
1671
5151
1266
1507
6731
8012
3150
5638
3710
5047
3154
8139
3748
4021
2802
1948
3989
3161
7081
2290
6834
4653
8097
4573
4641
7609
2210
807
4791
1169
730
3795
3687
4389
5465
3179
3180
645
5654
6971
7375
5473
4416
2893
2327
4362
6640
6348
7164
396
2144
3195
6052
2685
785
2512
2589
5358
7153
2005
7567
7959
6796
544
496
2398
4230
4884
7862
4875
2346
6640
4057
7818
2863
6949
1953
7225
5397
108
6196
5792
2251
3227
4055
284
3036
6566
2873
201
5526
4877
7767
5292
3480
118
5787
5877
4348
2479
5546
1030
4824
3993
5086
4449
6856
3843
6401
5888
3254
1047
3256
6508
3891
3259
3260
6838
3262
567
7945
7121
3602
6318
1801
3802
3270
3652
6678
3376
3274
751
3276
1965
3494
6538
7842
7841
824
5195
3284
678
5647
3287
996
5763
1903
7851
1413
112
5546
3295
2459
6619
1244
1104
7185
996
3302
33
3304
2594
7313
1833
6395
2772
318
1579
3523
2283
5072
1868
1932
3317
4720
3319
2691
7126
5397
145
8121
2967
2047
7779
4380
2158
5132
6838
3332
585
6375
7942
7769
7370
7974
2171
6491
1614
373
3343
1070
1932
1951
4592
3348
4214
7022
6459
6145
3549
957
5078
753
1101
5007
3720
3148
4593
8099
5305
1533
6744
5889
3367
7907
6493
3370
5466
7085
6274
7636
5383
3376
3377
7888
8008
6452
1627
1767
3383
3384
3385
2852
5840
596
1118
3792
4145
2075
677
4897
3395
3175
5683
424
3399
6322
2084
330
3403
3435
3616
7074
1131
3330
5374
3410
6596
2222
3456
6039
7604
3151
5855
5864
4777
7621
523
2424
24
3424
1640
3426
3427
6215
4168
3714
6891
873
6889
4382
1296
5018
6465
1626
260
1888
507
1391
5217
5880
7986
7439
3447
1143
5833
6850
4293
3452
3495
4521
877
2923
5043
3300
2946
6683
1322
7114
2204
21
3465
7986
900
4402
3469
1089
5918
2674
2714
6177
3475
3476
4561
3220
7567
1585
908
7361
831
2050
5001
7681
6343
303
4009
7219
3225
860
2327
6170
7542
3648
5091
1553
3668
3500
4884
2453
8069
5973
178
2550
494
6354
7110
3714
5729
503
4621
4897
1333
6670
1705
821
4820
2007
4830
3847
3523
5231
5689
6173
3208
5038
1628
107
3531
6590
5296
4990
850
5172
2770
1027
7722
3264
7381
6639
6977
3544
4917
7141
3405
1621
282
1882
3325
1102
6702
5331
5931
2356
2369
3427
336
5576
272
1963
5682
6862
7258
2480
7711
4238
5249
546
3767
320
7926
2213
7296
4650
1162
2508
6270
1443
4390
1402
2544
2899
6732
283
5254
908
3709
5589
6483
3981
7551
3973
2650
6617
6452
2168
2662
3508
2713
6428
3828
2446
448
2931
7095
3608
1609
5439
3611
5172
3051
1636
6573
5595
4534
3618
5112
5877
1595
6019
1393
7183
4310
5373
6541
90
8022
4965
6541
1998
7626
1856
4710
5861
5683
7156
6309
422
6058
7917
5860
3038
2776
7495
1418
178
3836
6530
6054
5430
4356
7446
3655
4420
473
4627
2768
562
4456
7733
3663
7102
6453
7166
766
2971
4835
6448
1934
2951
6869
7991
2675
4536
2836
5450
3838
4254
3681
5627
7673
2591
3685
3488
4910
6946
3689
2742
1137
3692
7419
7368
3905
7980
3631
3445
6890
1892
2418
7655
4862
7252
5910
6795
2010
4587
6593
4685
930
1237
1942
4768
5490
7569
4248
8080
2864
966
3721
6833
5605
3724
2102
6059
4780
6006
5847
219
1258
4544
2110
3676
4006
6971
2735
1723
3739
5573
4745
3742
6309
3973
1237
7239
5209
3178
3814
2506
2554
8061
2393
5418
3755
834
1034
2830
2936
7092
3761
7610
749
4746
7828
2007
1097
1745
5682
5102
523
224
6825
3774
3775
6095
4968
4941
1875
6204
3781
3987
7084
1190
7800
1397
3787
3743
7669
968
310
4823
3798
3245
3722
3215
3994
276
2850
6000
1372
3802
4594
3489
3805
6474
5116
3712
5106
3018
488
1854
4892
6691
3815
5841
3817
3783
7880
5448
3821
5180
3431
4924
777
4398
5234
5599
3
286
1128
3832
3217
4279
3835
1403
6066
2086
2775
2467
5574
1056
7582
3844
1094
6161
2407
1581
8014
7299
79
5662
2889
7959
2918
8068
3857
3197
3859
7841
652
7594
4882
3864
6250
7597
5168
7378
2621
1254
588
495
3340
3362
2961
721
4417
2351
1814
2385
4757
3882
3394
2207
3863
3473
7868
6752
3239
2593
6627
6435
2242
7279
5836
7123
5336
3898
5240
3900
4098
4521
7861
5352
5109
163
499
278
3123
1219
3911
4695
5473
3033
7079
2038
6426
1093
5900
3920
1706
769
4459
4944
3361
2894
3186
5602
1980
830
4533
7315
6069
438
3644
5737
5789
560
5899
6287
837
830
7506
5531
6302
2346
3947
4418
147
579
3951
5510
6047
2285
3955
3956
6278
2313
7228
1447
5206
2222
7048
7185
3051
3388
6308
927
3826
1759
6664
1422
2318
4370
7709
3154
5199
7022
493
3309
1175
4910
3455
1753
2227
1309
4037
313
3622
3073
3991
1759
635
5294
614
7820
152
4002
5935
1078
7827
7693
7741
1056
1818
3919
572
4971
4009
925
7593
5463
4233
575
2180
7688
2328
4407
804
6364
4719
4425
4023
1244
6477
5060
6537
7090
4029
4687
6688
2899
2429
7766
2533
1929
7314
3589
4039
4040
3746
3040
4160
4044
524
3965
3561
5987
5
4135
8166
7692
6462
4380
304
4634
906
4728
5877
7382
1595
4222
6280
6281
2717
986
517
2290
3519
2445
1412
7107
6190
4451
4075
3074
6714
223
6634
4508
228
2577
4481
7919
846
669
4087
30
5479
1574
4758
3164
764
6352
7385
7043
4441
1909
8028
4957
4199
4102
3354
7402
5610
2268
5399
1868
5342
3920
2091
3783
235
2318
6359
4716
4117
2044
7205
5384
2074
4491
6957
6831
7654
7720
4990
6846
6570
1238
563
6406
6195
4134
4761
1567
5404
2178
3835
2610
4045
4142
984
6530
6135
4766
4147
6764
260
2933
3287
4152
2304
4154
1945
478
4377
6435
7435
3015
5897
6962
8004
4550
5340
1050
5112
3553
7244
1680
5119
4455
3857
761
7064
7902
1744
5401
5844
6510
3973
6104
4183
1250
4185
7259
215
3194
7737
4591
1436
6979
7605
7332
5748
7416
3690
2895
273
609
4201
6447
7516
2289
3374
3778
6145
4134
2650
5854
5878
8050
3506
4195
3830
1417
5444
2897
1631
445
2441
6221
1880
1227
5633
4226
1020
6974
4856
4709
4231
1677
4233
5129
5317
8123
4452
7605
3304
38
5558
7438
2687
3219
4245
5123
2544
6724
1125
6374
8140
6568
1078
1578
7012
4256
3518
4258
7798
699
4744
4262
5238
1718
4265
3525
1902
6426
5201
7030
3551
5132
3289
2963
243
3326
328
7680
4279
6012
3547
4610
364
2078
5734
4286
6737
2026
4109
7814
3603
2928
3139
3209
3627
7882
4297
254
5344
3214
2155
3578
223
992
7128
5354
4281
1898
5596
7606
4311
2226
5084
5426
5772
1501
5789
7849
7235
4333
1682
3151
3954
5285
6079
7092
301
1513
6781
554
6856
1802
2709
2241
2024
4336
3700
1176
7377
7980
3074
4781
7394
5299
1672
4627
2878
3172
2223
2534
2214
6555
4216
5365
2316
1308
3251
1215
1608
4763
7995
2161
3426
1604
4869
5667
3628
377
6842
2812
164
1723
4373
7592
7557
7021
1071
3991
1706
4243
6213
4240
6456
4575
263
3628
6890
1570
6878
8104
3177
3448
7906
4394
5337
6874
1318
2014
4348
4945
2390
2997
7756
2553
4720
7156
1918
3548
34
5908
5254
4276
3929
1301
2540
4416
4417
311
1563
6167
7201
3132
4853
7112
6308
4426
108
6826
3452
6981
8143
5465
4433
3136
4895
4436
7854
6133
4458
2215
2660
3421
4132
6207
3455
1847
3268
4448
7730
5775
4568
2077
6086
6130
52
4456
4457
5094
1069
4904
4013
7376
5011
2646
2636
3800
2596
8100
6935
7490
7762
4875
3756
1784
7534
4476
7176
4478
5915
5549
2438
7761
624
1976
5344
5192
4052
3237
3129
4103
138
4198
814
4150
3381
5825
6796
6016
1432
1199
4501
5924
174
497
5493
5049
4252
7276
4390
3235
4998
1746
5673
4566
2370
7648
1717
7561
3507
4953
2497
7610
5090
6694
231
1048
1883
6055
7843
7898
7486
849
5629
7660
1345
2929
4537
4516
5596
2012
713
639
7009
2459
4545
6311
3383
4828
5766
4550
5099
4196
1080
1860
6692
497
6949
5194
728
7996
7076
4562
6782
7646
6781
6076
303
4218
4569
5543
1647
7146
4573
1866
7243
966
2578
7881
7974
5036
5999
4582
3164
1671
3572
71
5866
4651
1930
4366
5148
686
1367
5875
4595
490
250
4464
8135
7030
2347
245
3055
7889
1892
2009
1562
4608
4609
942
2974
4140
4613
630
2755
983
4617
6628
4619
5919
2654
2007
5989
327
6657
7918
4692
3612
411
6058
1294
900
6307
5758
843
5145
4637
8104
1087
7
7801
2978
4643
4644
2015
1170
3919
4988
5309
4548
7743
6292
2983
5469
753
4989
3265
1079
3454
2990
5771
7065
3400
3636
4665
167
4300
1751
5924
5142
6895
5835
6228
6901
5443
1014
724
6613
4932
5711
3729
1288
5261
1828
4270
2537
2580
1067
5801
3659
4520
598
1237
3392
4695
3998
4872
3558
105
6622
1289
4702
5246
5324
7124
3281
4033
4374
4294
4756
2794
1034
2274
6523
2321
7535
158
6590
1879
2738
7656
4722
7680
6396
3983
85
7632
7375
4082
4311
2740
4186
2741
4029
1239
8064
2960
4520
4739
3904
7333
621
467
1935
1654
2741
265
3974
2083
422
2372
3961
3159
1835
3448
1362
5818
3533
801
5000
7614
5112
7739
3608
7852
3575
4846
7723
6534
1173
4771
3435
5675
1794
3901
7609
4777
3447
6641
7873
7421
531
102
4784
1600
4492
3261
3434
7939
4622
1059
3279
5423
6058
2701
2342
5605
6308
2001
987
2961
1531
7521
4134
4965
5003
5927
674
4809
4810
4419
1181
7314
4099
4815
409
7845
4200
2008
4144
7460
5442
3890
3890
6500
7169
1120
4366
1677
3461
1778
7984
5461
2764
2752
6991
4837
2092
6885
3764
7094
4619
4437
3320
5800
3558
7418
4848
6208
3210
3426
24
7353
2693
5465
3051
6582
3772
2027
7701
8137
3703
2969
1722
3494
237
4486
6245
4869
7228
6577
4938
4873
4874
2799
5479
1364
7235
606
7163
4881
2600
8024
5179
5810
3257
5202
4970
5949
2474
4891
8020
4339
6245
1854
3847
6190
5556
4899
6816
7911
857
7052
4904
4204
7102
6087
2589
3847
693
8067
4912
4913
5210
7927
480
4181
2335
311
1167
8144
3567
6368
4921
1324
649
4749
5662
4929
6893
6602
1316
4890
3966
8131
4609
4822
6991
620
3731
4885
3208
7577
5578
3082
4595
5312
3562
583
7646
3872
1749
4953
7597
7439
8116
4326
570
572
4960
882
6231
7464
7483
7546
4966
4162
3256
7485
578
8078
6283
1197
3616
2975
4405
3001
360
7486
7595
5672
2855
8177
5125
6727
4986
1733
4530
5973
1656
663
6542
2227
4994
1544
4580
1498
834
3933
5659
4090
3225
6236
3975
1315
7433
7590
4290
3645
2398
4649
5012
2938
5014
1800
2128
5793
1784
7253
4327
3516
3590
2107
5171
4252
5026
456
5028
7397
5030
5795
5035
703
6628
775
6361
2525
4000
4405
5040
6499
5042
5314
5044
3645
5897
1411
7289
5049
102
6060
2034
1902
8187
7826
3685
7247
3960
7201
2644
6066
4179
5063
6895
6521
3384
4497
3363
4086
5070
2933
4138
2254
5457
8137
6658
5077
3764
5258
2110
5081
1468
6669
1206
1569
4536
3240
5088
3470
4530
2873
7155
3585
6833
5095
6163
6228
5098
4706
2149
4931
3035
5532
1235
6397
1425
4167
2342
3679
1432
2286
2144
5195
7544
4254
6662
6020
5459
38
2363
506
5122
3508
5124
6892
3379
2470
2284
2019
440
320
6724
2588
5250
1566
8120
6484
7963
1352
2459
2112
5142
5143
5030
3890
4398
7174
892
3749
3235
7553
5152
1576
501
7590
3938
1007
2905
2637
4385
5374
4921
6403
5164
5813
5240
4934
209
5169
2297
6500
136
588
6270
1487
3046
189
6517
6935
4586
5498
7826
142
540
7186
1717
1040
5188
6584
5654
2046
1296
5193
99
6430
6670
5019
4640
4290
2066
5201
1382
4498
5204
4362
5206
7881
4633
4949
5958
6120
7995
6146
4444
6737
2540
1749
6371
2681
5220
2288
5364
4398
3327
3755
1859
5373
5051
1957
3610
3528
6975
58
7817
848
1439
4123
5209
5239
1127
563
1966
5243
7084
6682
1768
5037
2933
312
7576
4681
5252
6682
2065
6968
3854
6462
2103
7608
128
7475
4466
2085
2892
7993
867
2949
7618
5269
1715
4387
3548
6923
5513
4110
696
5277
4404
5279
2600
2463
1249
5532
2775
632
5286
2021
1264
2696
5290
796
5117
965
2898
4533
5296
5297
5298
1093
2180
806
3177
5072
607
4043
8020
32
5757
4215
3579
4488
5312
1535
7688
5183
5939
2095
7646
7187
7627
5321
2228
7818
5324
1455
3491
2322
2250
416
3286
5148
4948
4378
7327
5753
7554
4206
5338
6359
3405
4034
6390
969
56
1776
5456
5347
1590
1272
2447
7528
3366
1900
6522
2800
4127
6148
4254
7617
277
6504
5362
8032
3562
3459
4787
7940
2593
2348
5370
7301
6799
514
2513
2640
6904
3482
2695
487
745
4284
5382
1758
3191
3620
5124
5090
1949
7923
1024
8096
3985
449
180
2296
288
3742
5754
5075
3489
154
7422
2597
6952
5405
5406
7935
5110
1399
6646
399
4093
5413
7133
5415
1143
185
698
4334
3804
5821
1231
5752
5552
2255
5656
1344
5428
2703
5835
3639
2990
1384
5434
1200
8064
4872
1353
5439
7293
7469
113
7036
4386
1511
5446
5489
4784
5604
5450
5451
4429
5926
5788
5127
2067
5457
1399
2755
3298
7150
114
5552
4613
1457
62
2256
5095
3051
3639
6294
2923
319
5474
5475
7647
2023
7787
7759
866
3980
1077
6355
571
6680
2591
6496
4275
7717
371
5673
2280
3668
4631
2393
1027
1051
5498
3850
1088
3306
752
5503
4138
6945
7046
7060
7263
6500
891
6857
6066
1756
2644
7142
8110
3214
5630
2509
1517
1712
2033
1887
7385
4312
5554
3823
6705
6580
4873
2362
7667
8179
5534
5535
3113
3613
6931
1966
5540
2480
6001
5543
5544
273
3370
4665
6338
5126
7308
5288
5043
2329
2725
7551
3845
4436
1392
5732
3628
5703
3093
7450
4215
5565
1481
4131
6576
955
4117
5571
1497
4567
5574
2855
3462
7047
5578
5579
663
3735
5582
2224
5327
1880
7349
4442
7167
4200
6770
1699
3558
2422
6135
4949
8153
1570
2460
5599
3054
828
6674
4534
4958
5058
5488
882
6554
1863
5610
3736
1823
717
4398
5557
2940
1532
5618
7437
2097
5973
6411
6296
4550
8110
1661
6971
6052
6610
6932
7621
877
1793
256
7550
6326
5213
4415
3621
6094
2776
5642
5483
1637
4599
6199
6034
1963
947
7565
1207
3043
5345
7618
1146
1702
7535
5658
2806
481
5394
1223
7412
4822
2099
1012
5078
1457
7337
2098
5871
2765
8192
455
56
1636
5053
6254
7670
7015
5681
7200
7042
30
5685
5686
2050
4195
7647
3195
5896
6989
6001
6376
4190
7223
5595
819
1130
6606
5896
2586
5750
7994
264
323
7993
718
378
1436
5711
5770
5713
6631
913
4593
5717
5639
7955
4622
7688
3957
4076
2691
1660
2872
5727
499
8036
7061
7721
5438
7879
658
5735
3852
5583
3243
1409
5384
3507
1731
5184
4224
2108
6619
1802
547
7532
6394
6185
7294
2823
5680
3058
6898
178
4717
1577
676
4560
445
205
1806
131
862
5657
5713
5769
4105
7065
5772
2904
5774
7611
5776
604
8087
3642
2711
6514
5443
3257
5853
3644
5786
1249
4954
6466
6929
5791
8011
5171
5794
7106
4535
6747
7782
5799
903
5801
7191
7986
2708
7322
655
5807
172
4842
4759
7236
7746
4177
7839
7640
7819
2358
5818
5961
5069
5614
3621
5823
521
6863
382
6986
5828
5829
5599
200
3965
4512
4735
2519
4101
5637
1518
3894
152
647
4549
323
5488
1115
7558
5041
5292
7205
4489
4918
1370
2257
1794
5855
6983
5878
2314
5653
6259
1108
3059
6459
5072
7571
3001
7590
5868
3479
445
915
7373
596
5874
1561
3729
918
7049
4843
283
3897
1942
7487
193
6859
664
2450
461
7647
135
2774
5107
6393
3881
5895
8166
5897
4659
760
7544
7659
158
2830
8103
1072
2010
5907
506
2633
5738
1423
1489
2389
1706
5385
4330
1000
5578
2997
1664
8027
3457
1118
8161
6230
6224
5927
5928
6361
1919
6197
2828
2678
5548
2294
2835
186
2205
3907
2195
5941
2710
6539
7933
4133
8027
2129
5948
5838
5219
6458
6837
2604
1262
308
2438
4718
1425
2406
2756
7649
5962
575
4674
5653
3402
7351
3009
5695
1994
3194
7899
5900
5388
2417
4246
5128
6549
4080
5980
7256
4194
1106
5522
2838
3710
6783
3146
6147
3309
5991
4570
361
6064
4026
935
2545
1487
5999
4336
1703
4495
1838
3696
7688
1545
1403
4883
3961
6010
5648
1819
2317
1535
882
6510
2641
6403
6019
6020
1155
6350
4994
4300
4304
110
678
4664
6173
4703
5598
525
6189
1741
2227
2491
6037
3579
5923
1986
5123
7325
6869
891
6045
4781
495
3207
6315
1376
1524
763
7779
2678
7112
6056
4580
6978
3224
6060
4689
6062
7655
6064
7887
2669
4165
5293
3193
2162
7033
5419
4652
2419
3149
6638
7541
2282
5314
6080
239
7062
5808
3445
5184
7183
6087
6088
4968
5947
6769
7646
4866
3156
6095
6096
6431
8089
7844
5893
7784
2320
6103
1865
4884
6106
5512
4026
3724
2739
486
6143
5887
7123
5491
8168
4244
5730
7037
1859
982
4029
849
5950
1783
7618
6127
5403
6648
2581
3641
6545
2233
1341
6136
4552
3205
2827
1872
7231
6550
4610
7716
4500
2304
6646
1799
2280
2697
7528
1124
4555
317
5152
5403
6266
6934
4828
3476
6160
5390
7409
7116
3742
1449
264
1685
6000
6169
3469
4511
7871
2507
2868
4288
2030
7368
6592
483
974
6181
679
3179
309
1802
7733
625
6954
4943
6891
5695
1579
2174
6194
2892
795
1098
6633
6199
2243
1361
125
50
4829
4635
7921
7335
7503
4016
1172
6678
2415
1654
6214
7651
3093
4832
7959
4895
4372
391
3656
1123
7281
1158
2701
6227
1263
4050
3495
2360
2490
5737
3720
2615
5786
357
7249
5514
6240
7691
6559
6243
1338
671
5044
3752
2324
4502
6845
7156
4268
3547
3335
4659
7202
4457
3747
167
7157
6261
5009
4216
2459
7368
6706
3
2896
6269
1128
5789
3252
184
3110
2750
6743
4447
3420
3594
7
5744
8096
6851
4707
4171
2205
6287
8041
637
1214
4306
4384
1380
3270
1200
5596
6297
5729
376
4109
5731
3271
5236
3327
6522
5419
6437
1079
3969
2691
4499
6312
7563
2697
2050
7466
1355
6756
3444
3559
6604
4081
4772
2717
272
6152
6327
5987
1471
3555
3523
1846
6333
7663
1061
5116
4706
4388
3445
1932
2632
4524
5901
5322
830
5271
8019
2879
6349
6350
4544
6352
1181
1442
7987
6356
4740
8045
3875
1319
2570
4146
7470
364
6365
5617
2832
3886
7462
2302
4946
6372
6373
4386
7007
1141
6377
7830
747
3772
6381
4161
6647
902
4990
3725
728
7868
76
1908
1117
8062
6647
970
3745
7966
3539
7890
7243
3902
5314
1883
7787
4584
4184
6406
4540
6408
777
2999
6411
5681
414
3745
1260
4575
2199
6418
2161
1372
5923
6422
2888
1048
6425
5998
4796
2164
5867
3250
3133
6432
6433
1419
6435
3023
6671
1117
2074
2380
6430
3956
1974
2821
8139
6514
3597
2945
4002
4011
6689
5261
393
695
7422
6456
1764
6617
2117
2811
4422
6912
4975
2097
1970
8107
3515
4992
6586
4631
7065
773
6473
2869
2828
2747
5689
2775
1068
1094
5719
5069
5104
4216
2137
6486
5496
4910
1366
7259
3335
3483
1878
7756
2202
6852
1660
4171
6766
5175
971
5159
1613
8035
5932
4481
2671
486
1978
5445
6511
6512
1553
3071
2971
6621
8174
7186
565
5477
3904
1931
4543
6524
7238
5413
6420
6801
7614
5079
269
3593
3653
5443
4563
619
7055
4405
6550
3344
7075
7035
5321
6544
4327
395
199
7298
7015
180
6551
6291
7580
5656
2002
6556
1318
2006
1047
6730
234
7848
6151
5312
8116
1551
772
6568
5366
6113
1391
4228
2326
7940
7571
1208
6783
4699
5535
7177
4897
4640
6000
5076
2738
5387
2539
4740
6704
4545
6591
5786
5241
6594
4778
5441
3199
1897
5364
4750
2669
2537
6603
2670
4059
6765
4995
3806
6609
6143
6611
6203
2396
2650
3545
1381
7546
8184
7380
4430
2729
4574
6968
7468
3085
3320
5062
133
8097
2310
3331
1802
7674
8080
4470
2018
2558
336
590
7552
4141
6733
5562
6537
1190
914
7917
543
6649
905
6651
7104
4972
3634
6655
3485
3748
2909
6569
7067
7970
6701
6972
2088
1839
581
1569
6668
1727
5050
3586
4284
5385
4176
3643
1333
2716
1013
6679
7869
3905
1926
7593
4447
2831
6504
1227
6464
1796
4974
1180
172
3848
958
6872
6696
2627
3045
519
3207
4613
2245
64
6
6705
6528
5448
4181
1978
6781
6711
6896
2990
6457
2608
4916
5858
6718
7055
6720
7746
4169
89
6017
5965
6726
6727
5062
7196
6730
6136
717
8153
4816
3344
3005
5334
6550
7617
7578
6614
7623
6743
5913
3869
3611
7890
2457
2315
2688
722
4922
7603
6579
3784
6756
7156
6758
6759
2555
3872
4980
327
741
3983
6463
1458
3944
3086
4801
6948
227
3158
6373
7804
1579
5803
5524
5448
1221
5221
6782
7904
3535
7908
433
265
7318
6789
7011
4048
6281
1374
7920
3068
1700
468
7051
8162
1925
2802
3055
6725
1557
3281
1691
7929
6808
2892
3269
6811
5539
223
524
6760
5444
236
2102
5159
668
2366
6822
4285
7679
6825
6414
2373
860
6141
5441
2559
6608
4299
2529
6835
341
7100
5583
7065
464
672
563
6843
201
3563
3832
5739
3786
4355
4306
1037
4590
6853
6408
6195
5258
581
6858
2287
4744
6861
6994
4660
5603
4942
1908
8161
3358
6206
2497
3698
5113
8080
2570
5576
559
3133
5776
6879
4121
6964
3323
7906
3126
6885
7628
750
7716
5843
6945
4781
6424
1039
1332
5225
5698
6934
1975
7605
6902
5332
5618
1207
837
2538
1094
3406
8114
1652
6538
5697
5772
5309
827
5486
243
263
6235
7958
6105
4987
4546
4336
6026
5877
6926
1369
3531
4618
3343
2944
3327
482
369
4533
1318
2907
5626
4723
2828
7277
3069
332
4857
185
1159
2150
427
1421
192
192
7525
5179
4737
3669
3012
2421
5037
6542
7038
6961
187
1293
2173
668
6966
1662
6705
1985
4568
4139
6707
7395
3223
1583
7726
6977
8079
1768
692
2036
2194
2112
2228
2386
1445
7406
7122
5113
2225
6991
1351
1957
574
196
2143
1867
2368
2810
3528
881
7002
4794
8095
5019
3308
7297
49
4891
6830
8128
6658
7522
1971
659
1441
4198
3044
2885
3411
1974
7997
5635
3324
1761
6209
3519
3903
8075
5887
6712
3410
6767
3313
3312
3593
6621
2416
3641
3319
1053
3576
1784
382
5547
2442
1823
1552
5486
7050
4707
4963
7459
4512
2405
2590
6272
421
6108
1983
7061
303
3802
502
3712
2376
3815
7068
7023
5968
2243
1246
1417
5561
2299
4992
7344
2680
2346
1593
4502
3898
7078
7084
1017
668
6344
5528
3072
741
7091
7092
3607
3493
6849
5589
3795
2458
6091
7507
4834
1713
6337
2609
3955
7583
4025
1323
1689
825
7111
474
4368
3170
2066
678
7067
952
1694
7734
7295
7221
2614
8036
2635
6106
6692
32
1708
957
6122
1022
5790
7834
7359
207
3596
6749
7139
4231
4918
245
5055
7144
5391
7146
4612
33
7456
5289
7099
215
6982
6641
7510
6010
7157
1062
7353
453
7167
5852
484
682
6808
6605
1704
4406
6246
870
4612
1649
7618
650
6566
7862
5705
3764
4281
5737
7181
3027
1378
4643
3242
167
3091
2559
6177
4152
1719
6629
7193
3126
7570
7112
3808
7198
6185
5524
7201
5511
7203
2398
3577
6380
7207
7009
5225
5805
7659
3598
5474
5171
7361
1562
2715
7218
2195
2939
7221
7357
5436
3106
2256
7994
1090
6407
1520
7718
1341
897
6637
5148
7235
7082
3968
2466
1287
7544
653
104
7243
4576
6457
7762
8173
3738
4740
7341
5299
7454
1343
46
6618
6779
3151
7258
681
6580
4240
7262
7088
8100
7265
3765
236
804
2209
5383
7885
6176
7848
980
5527
308
1083
1910
6764
652
1890
2309
5391
1038
7607
7286
4652
2380
7652
3077
966
2610
3758
7546
6849
2653
7453
2421
2888
64
4629
78
7949
2612
7925
7306
736
8138
7309
40
1818
1855
7313
6803
2469
3744
919
7859
4781
333
4318
7161
7985
7394
8126
2402
2959
7479
1059
5611
6739
3479
306
6803
7335
8108
383
6559
2527
115
7294
2473
154
7344
919
4327
6956
3387
7349
8071
7874
3053
4659
15
7370
3627
7999
6571
3561
2208
1338
2847
3266
6948
1394
6745
7254
4
6660
7636
6562
994
7751
5663
3466
7904
7377
6581
7793
6668
1775
7671
6349
4827
4137
6363
4004
7764
6169
7390
2382
3132
185
3719
5978
3450
2475
7371
2002
1536
7374
469
979
5743
1463
537
7407
3213
4928
7410
249
1601
4528
6916
3375
4006
5072
7418
9
8143
3243
4012
7714
1219
7425
6394
2653
1403
1920
438
4853
4394
7809
6854
5929
6990
7323
6908
4541
7440
593
7444
7753
5520
7692
1162
1856
6415
7449
4536
7451
5861
3295
4545
5811
6537
364
7458
5332
7755
7461
6757
7984
966
7465
485
230
5818
4878
8038
4479
7472
2615
6835
3609
7476
1330
7478
7479
3183
4201
581
2744
1529
81
7486
3905
3384
6495
248
1052
1597
4792
6863
8133
5156
4002
7696
3720
3794
469
4204
7503
4023
6286
890
3868
2572
3504
7510
2510
6181
4833
5693
2189
5413
244
3717
5493
4148
7100
3796
7523
4395
8152
5392
995
6822
5333
6150
2631
4836
1677
6424
5304
5881
2254
7538
3397
6770
6121
7542
5968
2081
439
3956
7547
6913
6131
6145
4133
7552
6374
1669
1434
2329
577
5229
7559
6723
536
2428
7717
7357
7760
5674
1795
4403
7351
27
1514
5039
2280
4910
7575
3616
209
2686
5696
647
7581
6641
4416
6777
4593
356
4958
6262
1789
7286
6838
7017
5816
7594
7373
1253
5341
6537
820
2822
139
5223
1980
165
6736
7018
2445
3454
2441
2653
6139
8136
3299
4587
4359
1883
988
4715
6840
7249
6503
5933
5894
5328
3556
5074
7627
6580
704
3418
7399
3526
3556
4429
5505
3721
2973
4331
6165
6426
6771
625
7643
4372
6715
3923
766
2881
5805
1753
7595
4452
809
5906
2192
6702
3041
5747
3583
7660
7661
1428
6451
7664
7665
7000
634
1784
2364
5063
7288
6084
7673
8035
3426
4056
7677
6268
2005
4680
2447
527
410
3212
3407
6214
4965
2810
2473
5773
7691
523
7693
4664
4283
3563
2218
7865
4990
476
6673
5623
7703
2259
7705
7706
844
2493
1355
6927
2335
4780
2790
410
6784
7716
7469
2856
7310
7878
7721
6068
2525
5899
2840
5334
179
7728
420
5856
4842
7732
4702
1226
7059
4375
6215
7535
2855
3645
1601
3698
6138
2955
7745
2432
280
7735
5221
690
6326
4497
3545
5444
4182
1420
7968
1888
4259
5109
2066
7762
7763
4679
2772
6907
1188
3997
5773
5562
2019
5115
224
5663
6716
3921
3608
1478
6352
3888
1020
3380
4577
7784
7346
7876
8121
4597
7789
3865
1349
4372
5752
5607
1288
7817
2093
4059
6531
3281
8055
4112
650
1881
1034
874
7543
7749
4794
2959
1035
2954
6846
2054
6333
3230
1207
6017
3158
7820
5803
1689
4506
1982
7441
1921
3269
7065
4013
7327
5404
7293
7189
1323
7943
877
2356
624
228
1913
5417
3186
7843
2947
178
1839
5000
6511
5068
6207
4335
33
3817
6023
4539
5799
5271
6459
875
4144
2279
10
1355
1380
7198
2677
7867
1130
8075
5032
1753
110
6944
7169
3295
1698
7347
5133
6698
5665
7881
2008
4712
7884
1807
2040
336
7829
7889
6578
6134
4908
4844
7894
7009
859
7123
7018
2213
7900
310
6023
4889
1439
5905
7906
1728
3191
7909
6014
480
2167
1116
2177
1321
6248
682
6985
63
5393
599
2103
5729
7924
236
488
3670
5143
5332
2486
6001
4262
1311
21
4571
7334
4909
6009
5046
6636
7941
1007
2868
7944
7115
3173
3983
1100
4494
2039
1781
7952
3286
2101
7174
3885
4203
4710
4120
4691
7961
187
1070
1830
2673
7070
6091
3983
7090
2469
3124
3806
285
8170
2249
1291
2845
1172
4463
6827
2271
764
673
4051
4050
7986
2774
3032
7934
6976
7741
3861
3474
7994
7928
4930
5303
7998
2408
8000
3807
3201
6390
2704
5669
1322
6509
5953
1299
565
7243
4143
1736
3514
8015
2777
4006
4277
3450
8057
134
6223
8023
2896
8067
5006
8027
2445
3735
288
2180
472
5590
4587
4278
599
2784
6981
6267
4105
5297
4028
5403
5862
3078
1353
8047
7597
6591
4130
3411
2676
7579
3275
8055
2809
8057
5609
6170
2684
2422
422
8063
6418
2709
2601
6890
107
7187
2975
705
1779
1764
6971
5883
7060
2806
3094
4729
5884
4446
8082
4134
4282
383
7544
6957
7961
2626
1574
5377
603
4257
7799
1025
2482
2315
8098
3625
8100
1179
2421
2620
4154
3125
4398
5917
1904
2088
4784
4709
5181
1321
2400
8115
1435
5454
6682
1817
4805
5446
1586
7430
7019
6962
8032
3083
6568
864
5565
691
4489
6743
3111
7108
2704
6236
3313
428
8139
5400
8142
5212
4655
2389
6532
7055
3823
3793
5544
5639
405
2797
7224
7834
1624
8157
5994
7673
4706
8161
4369
345
2078
5059
4833
629
8170
8169
3748
3332
6213
7060
3760
6159
4267
779
2621
6655
7310
1483
2285
2910
7026
8185
7924
8187
3314
1631
6955
2955
8192
