10801
28
3
5716
1876
4703
129
9170
1476
11603
1886
3208
9533
113
12388
13074
17
10424
5715
2974
14782
6737
6643
7735
15653
10706
5960
7940
13372
10101
6284
15918
4691
700
15945
10407
37
2576
4264
10535
11745
5739
5753
13631
8946
15286
13743
4950
11975
50
7783
10664
14949
6180
55
1017
5207
13914
285
15912
3490
8224
12899
13590
14508
12433
1897
15207
11993
12303
1398
16256
6453
13143
5610
12205
10389
14556
11106
7747
3121
6697
15529
84
13784
5261
87
5324
14800
10467
2854
15085
9994
6343
95
6924
6508
3548
5047
2556
5444
3870
14549
1362
5267
14420
7814
2025
3646
110
3635
12413
1817
14740
3776
4937
117
5052
2920
2336
10312
122
8244
752
4394
11097
15836
14387
1055
6375
4511
4602
11422
7066
10046
136
15291
5230
139
11407
4173
3266
2837
6198
145
6911
6471
2226
8727
4826
151
6001
153
13663
9878
8921
15998
3805
780
160
365
8199
11876
16200
6201
12930
6191
10711
1147
170
171
1228
173
174
1393
11192
134
6622
6215
4306
9887
9051
10503
413
15521
12729
9139
3962
2345
6417
13839
11265
6031
1260
12044
6395
9458
7535
6211
200
15658
4080
12401
9985
5227
13628
11377
34
13761
1614
211
6248
1682
11501
15298
216
12185
218
11913
14434
8529
4668
223
2012
10873
11084
15850
5754
730
725
1413
7125
10182
8948
235
13335
9456
13027
9351
3056
1869
6594
14432
1903
245
3970
16045
8150
5651
11161
7064
1451
6690
5113
9979
11357
7124
258
4468
6056
6590
10221
263
6786
7314
11633
267
13910
1112
4196
10860
10567
273
839
3826
13622
2707
10419
279
11669
4609
14388
11329
12759
3654
6106
287
3438
5105
12795
8550
292
15083
7767
15674
3166
13822
5879
13386
4223
13192
8635
1748
14303
12830
306
12607
8485
13668
48
5722
16375
10466
1006
4599
8469
317
12335
973
12123
2056
4410
843
14850
12960
15925
6232
12249
2707
3669
1743
16092
7892
14934
8342
9639
12853
4788
5862
4953
2071
5909
10675
2061
16375
11680
6660
8459
7630
7632
4197
9685
12042
354
5039
8150
8617
4580
14381
4481
7286
1666
6223
6993
9557
4772
15335
368
2811
1240
3738
8672
373
6193
5808
14581
483
7869
14571
12162
14528
6645
3408
5775
10842
386
13092
1432
15880
4858
10048
4075
2854
14528
395
11360
4519
4366
1969
14075
9138
919
502
10377
4656
9173
407
185
409
10463
7369
667
1947
5555
12829
90
12200
16236
5865
6657
12943
7296
6152
1416
960
10227
427
4270
15487
5202
431
8788
3469
7170
6479
12606
8088
6980
6598
12743
16152
6783
6822
7137
7449
8768
12691
3893
449
8858
8506
3744
14722
15162
455
303
5633
4930
1718
6592
15156
5987
5695
3973
14775
9163
11143
4869
5384
2846
11848
11981
15589
11615
2379
6026
2367
9828
14793
15058
13720
7266
7179
1080
5603
5957
1382
11236
10886
3099
1443
9657
9086
7137
13629
7476
16299
8387
12344
500
5298
11233
7807
895
10437
3037
3273
78
5404
13100
14870
4077
10436
5752
515
516
11255
11515
11354
827
12896
6205
11712
15994
7648
4984
527
8695
14784
2229
16170
532
14699
10615
12129
3612
5463
3551
4506
15899
6588
7779
15976
11991
4494
14462
16067
14929
3829
10937
10059
15182
11764
6570
5003
556
7091
6180
12650
12075
14874
11049
14303
14660
9363
8533
567
10404
12975
13996
13955
1096
13510
4158
8874
13102
16148
13368
11179
15830
11912
15007
10382
584
5587
13804
5761
12156
2422
12852
1951
15071
8542
594
595
441
9736
6460
15100
2714
14992
9119
15688
12603
6689
400
9729
10846
9273
6446
611
10609
6256
1240
10054
616
1784
16246
4052
7370
13665
9812
3141
16087
6279
5092
14773
14820
5532
8124
4895
4247
10838
3503
13365
10141
16105
638
3670
10540
9449
14515
3429
15894
645
8740
9684
749
2409
11467
610
6460
2452
14275
16272
5593
13977
6166
10684
12365
4602
16215
4105
9496
4077
14942
12998
1057
8698
670
12719
4726
2854
5783
2857
6282
5293
11596
679
15965
6041
14004
11048
6651
4080
13499
4541
3967
2707
690
2133
10132
13390
14497
14733
13220
2217
7845
912
774
701
4458
1969
9472
792
6694
12325
6575
9550
2222
11867
4761
1802
714
1523
2381
12849
8173
6460
9964
12713
10426
723
12670
14845
4173
9676
12958
2522
6511
15174
10366
7423
15948
14823
9391
9035
15615
16084
4975
5805
9250
7196
1287
14010
746
8997
2809
6
5462
10982
6465
15425
7310
506
11710
5771
4679
5001
760
2344
7200
11512
1133
1181
2550
696
16003
11940
9730
15233
11639
14704
4653
4504
5515
777
5939
2130
14512
8748
2135
3589
3345
8600
2629
10654
9105
14338
40
791
13783
2955
2383
4598
14466
3516
5778
631
4211
801
5397
12570
13941
4245
7824
12260
8898
12328
810
1391
14836
14457
15902
7199
207
817
3106
10543
8806
5734
4813
1527
3687
4852
15309
6641
7235
3523
4722
10750
9300
5352
14960
14696
1537
12516
2557
839
9361
8392
11454
5304
9782
9905
3376
9299
720
3582
12404
851
11262
12388
1753
16074
13914
5439
4542
859
12838
12080
862
11776
16360
865
866
417
6141
9276
5769
4716
7587
7305
848
10143
281
9239
5212
5584
2636
15117
882
883
8959
11934
15836
12541
888
7953
10713
891
8544
9705
10403
895
6073
15143
14944
2526
10838
10335
2502
11255
91
11777
639
4806
2979
7943
5653
13122
8224
14891
1949
13807
1142
681
918
6382
13075
132
2538
4643
10845
11081
14347
4863
769
13106
3422
3294
7559
13756
5795
2429
13846
1187
3067
2267
4166
11010
7920
903
2849
6426
2851
271
7568
3532
6652
4258
3663
9189
8901
14507
956
3885
6863
2985
4653
3584
6406
7947
11143
3777
13741
13571
1238
14928
254
3505
972
2709
11263
11424
3611
14111
1465
6461
14381
981
9032
9992
4649
13290
13655
13837
5806
11777
990
1338
12668
14762
5990
16252
4783
13936
11010
8560
1000
11293
8196
1003
9797
9836
8449
13301
1008
12544
3327
1011
8340
16154
1053
9805
6230
15434
2452
16222
3698
15741
13492
1023
1150
5162
8884
2487
1446
7261
1030
8477
1313
12044
6028
12322
1036
4219
936
4133
1040
14015
10771
12582
10932
6930
15908
2887
1048
6699
577
12691
12929
16010
15143
12766
3323
14499
9873
4472
3277
2372
6959
4722
9633
15435
6034
5292
5078
1971
9510
6014
6103
7140
400
2300
1687
7330
1824
4574
14028
2400
880
1083
10572
2025
16022
6953
5347
14137
441
9818
1092
1029
2813
392
1096
5750
12445
15826
11783
1352
4520
13753
10861
1105
10533
3471
1616
1109
10932
5771
3303
1877
7594
1115
7876
15905
9993
8755
10092
1121
12017
8393
661
1125
979
6145
1101
10796
1130
7173
3913
11188
12922
1135
16357
10629
8320
1324
15148
5688
12184
9296
9158
13800
3844
14928
718
5720
1150
6137
8593
5240
16129
1155
963
15332
11761
9355
15992
12739
1162
15499
708
7151
6287
4621
1168
1954
2824
4593
12582
11143
5917
11346
446
1716
4257
9604
15515
8100
8147
16232
13820
14284
8440
2675
14028
9403
1622
9405
1192
2373
1229
5759
1488
1937
1198
1199
12909
7774
6557
14862
10598
11149
11060
5356
1208
681
6021
5802
2397
10277
15405
1215
1527
1993
7167
1375
1220
15812
5066
9814
2102
2710
2832
3724
12114
5205
1230
1231
4952
1488
1234
6692
6888
14397
1238
1239
14465
1241
13444
1243
12874
8678
8209
7549
14034
8889
13569
3451
11285
7462
2471
12812
9454
9637
14186
1259
8881
14703
7615
10982
1028
10447
14705
13141
15651
3273
1270
14628
5958
10160
1274
12640
4038
1277
7220
1279
9130
12716
15428
1283
294
10365
7932
1287
13863
13815
2833
4940
16285
15644
14393
1295
1296
9537
13445
6889
7855
4675
1486
8882
15121
16191
5638
14387
3079
3882
3960
13238
1312
137
7998
4073
9266
4329
3116
9560
14693
11048
7038
1323
12123
13880
11977
12023
13139
9985
5175
10199
489
13030
1334
14873
1336
1974
5527
13610
1780
11165
1342
11612
4858
15046
15572
1712
15182
7185
5784
8064
1352
11513
8900
1239
9821
3563
8276
5559
1058
3868
1197
14196
13852
1365
6371
8010
14340
3016
6498
16313
8543
3723
1709
3323
15335
6566
1984
14522
8277
781
5322
14061
8844
450
6576
10082
10270
10138
1973
15828
11195
5840
1394
640
9006
1397
3307
7010
631
1262
10026
7128
1191
2184
10851
2899
5506
9801
9464
7489
1412
7938
1357
8269
13259
15417
729
13708
5608
10810
7593
15745
1424
12783
7036
10555
2238
7675
3176
5545
14684
3806
6806
8325
1436
10933
7996
10508
5399
10894
1442
16013
15199
1445
3974
7117
6752
5330
1450
15386
3626
4362
16114
949
9969
1457
10539
8541
9329
6937
15576
3499
9175
6866
6674
14719
5166
10479
5140
13490
5027
13136
7614
10426
7645
1477
7242
9240
11618
14359
15992
563
1484
13360
3233
4924
13089
4182
14892
7243
12722
7836
14180
11914
11334
6970
2395
1623
1500
5304
7560
12101
10443
4666
744
7194
1508
12279
11169
14839
3136
4024
10072
1110
1516
3631
10635
1519
14469
6864
15558
11173
11045
14066
2032
1527
1528
7382
5517
16211
2911
467
6796
5306
2089
12099
12865
14190
6157
1146
14933
13351
13424
9717
11805
176
13740
5492
1285
987
16126
15754
7850
15300
10542
2510
12981
12573
9891
2113
12399
12802
2579
2810
1723
4668
14908
14587
2473
1571
4681
15733
1021
1647
12772
10737
13451
12947
8092
2558
14232
9078
2300
13601
1586
543
1215
7758
3052
14195
3947
12943
16307
16345
9360
2502
2771
11082
7169
1294
9284
9641
5974
8632
10661
7620
5020
5013
4686
1611
1582
13104
7244
15813
5798
9543
13029
6340
10757
4403
9392
8567
8349
5950
8489
8309
15309
10990
11079
10006
1774
12373
2905
11414
1636
1962
11537
5690
1640
9582
1642
172
10702
14267
1753
7422
1648
5126
1182
13219
14668
14210
3174
9040
1656
2228
12565
1222
10576
2130
9711
2501
1054
4316
13579
1667
11059
6090
9567
1671
13964
1119
11529
9116
1676
6809
4726
9287
1126
2608
11039
8547
7734
12220
5381
6017
10046
8555
1690
15057
12273
4735
16278
6465
1696
6865
9604
8965
7918
13920
6159
2593
3625
15726
172
1707
4743
10870
9287
1711
11551
1713
15595
2189
12677
1717
1818
13227
4839
1721
9551
9063
10220
15568
2724
2390
14240
14996
7124
1731
14133
1733
1734
5076
13988
7353
14040
5522
4888
3815
8114
8512
3156
8285
13254
14025
1187
1749
8421
13235
3375
4713
15052
217
1756
9551
8219
9279
3386
7402
12002
5775
1764
5257
10614
12899
3005
15689
1770
10502
10357
13345
16023
1775
15244
775
1778
7752
7371
3930
16036
4241
1570
838
12661
1787
14804
4212
989
1791
13471
4429
10539
5305
13707
13925
12706
9325
1800
3315
1578
1803
3554
16213
4583
1807
2858
10331
14939
16202
1812
1813
9969
13799
592
1817
1337
4785
4521
988
9025
6090
1824
1826
5301
4509
6037
6289
1596
10465
444
6900
7788
14368
3222
1837
1838
728
1298
4799
4281
1127
1844
9381
7138
11457
7936
6956
5041
1851
5350
7547
6377
10134
1856
12068
7365
2775
1773
9190
8075
6282
15226
14364
7877
9307
14807
1869
14776
710
12790
1873
1874
1613
1437
14087
6412
5717
15213
15792
12854
10285
7343
3425
15326
12692
10972
5318
6442
6655
1892
12682
9216
8427
5487
906
14708
4329
15269
6200
13635
13691
4592
14344
10096
6204
15780
1909
7799
12615
5112
6627
12023
1581
1916
528
2981
5006
15853
15673
15977
4786
5730
6247
1084
14945
14673
6570
15850
12997
10898
14735
2812
8148
12041
7403
6107
1939
5753
13607
5502
13551
9837
10613
3793
5475
12194
4320
8456
815
3788
7744
407
1955
8574
13473
6653
9657
12033
4941
1962
16226
11498
1553
10740
9848
4365
2503
5505
1971
1972
11767
8610
11257
8989
14111
1978
1979
8423
2442
8340
12215
7916
4149
151
16371
1988
4963
3938
7730
5369
12511
4818
12021
5783
466
577
5625
11964
2130
16364
5427
6494
2482
10931
1876
11091
5803
2010
10865
2012
8818
14225
13306
2016
773
10056
4837
4921
10206
4824
9883
14143
12553
15251
10270
987
10887
16052
2031
1452
11463
5292
2035
2036
13415
13592
5271
2458
3701
7753
13388
5577
2459
2807
2047
57
11276
647
13362
12048
10702
2054
2055
1814
584
4523
6637
10466
2282
2806
2063
9332
12551
3792
3834
12218
5243
15297
1126
2274
12504
6396
4731
16205
14148
1734
2079
5397
223
4540
5453
2084
11498
5187
2087
2430
7162
15888
4243
7745
4027
10880
1827
2096
6308
13685
11158
2474
2101
1092
2103
14992
14691
6334
2107
13904
15816
8607
10023
2112
5828
2114
13337
2116
9843
3591
15071
15239
3813
3226
4307
15311
8412
2126
6736
6088
7916
10979
13832
11942
5474
15658
1865
2774
10432
4338
3865
9039
2644
10198
6558
2076
2421
196
7903
15757
10039
11493
14443
8893
15306
1285
13200
2156
14232
9696
3551
3935
1227
2162
14529
1382
13168
3618
656
2168
2169
15032
6391
11087
2985
2174
10255
3741
5629
4069
10298
7704
2181
2182
6489
10493
15606
5861
4147
10714
3920
13040
9635
2192
5204
9855
7482
14899
13405
11416
16126
11550
12798
12909
15167
13453
11557
5174
8155
14541
15428
11895
3785
3112
5808
11488
9600
16300
10709
15461
4063
5039
2996
718
14673
2224
8199
10572
5771
6713
2229
7592
802
2232
6454
2757
13599
2979
1540
10667
14535
6713
2437
12691
2243
5756
14331
92
8868
3754
11579
2083
3670
5904
1159
2254
7732
10942
4154
8449
9230
12352
2261
2636
15000
2681
10227
15802
9134
12984
2269
13016
12112
14523
7299
10262
4851
9735
6569
2278
10606
7682
6660
3089
11435
1854
5172
2286
15104
7757
6330
2290
6451
2314
10484
14899
11544
6451
1150
2298
10159
9131
11377
2302
9576
1881
7976
6208
13992
6114
13506
7870
10964
6856
14438
5185
14537
4713
8274
9588
2319
6566
13445
8307
14323
3390
2325
14758
252
2328
13873
13272
11795
3940
14422
5570
13070
2336
9414
15145
14950
1005
4968
12558
7118
2089
4043
1697
8945
2096
6881
7097
2351
6808
15154
300
2355
2356
13373
2358
12214
2360
8607
11311
15604
6980
11563
2366
13092
3867
6973
647
1904
12542
13717
11317
11303
12282
12321
16270
2379
8455
3054
1975
12497
4750
10919
14592
11631
2388
1631
5015
10400
1931
2004
6230
10537
13314
5449
1132
8492
2156
4998
15465
2803
6902
11622
135
1834
2408
6540
12416
14155
6426
4487
824
8400
599
5574
2934
15191
820
2421
4564
3821
11219
6494
5824
2427
1064
646
2754
6512
1777
11245
8668
6775
10325
11470
13676
5563
11604
15509
12102
7635
13279
2143
12121
14103
10542
12720
3292
13475
11526
4111
1655
15346
15329
8148
2458
4786
9
8794
7539
6520
10570
2399
15187
960
12724
10272
14635
1902
5491
13760
14003
13126
10654
16146
8862
2479
8372
10303
5197
11663
7394
338
15773
2487
2488
9048
15684
14718
811
4085
14726
9604
11623
4861
2498
3790
14021
3664
4749
2503
10360
13935
3000
12261
3042
375
9880
16167
11028
9641
8644
3016
3559
13841
14678
10952
14178
14067
3615
13477
12400
4426
1177
10741
14029
12799
15601
1434
10436
2880
6183
4411
431
9182
288
3472
9556
10167
3254
4199
3423
11897
7214
2547
6981
9353
5508
1549
7147
3190
5163
2555
4239
15589
9588
5416
2560
9945
7233
1830
9161
8666
12265
12041
14848
292
12471
7645
579
15942
816
10745
2811
5015
14167
14707
12228
4763
7676
1351
6311
14822
4540
11474
2676
3744
4677
8091
13688
11909
9921
6465
4191
5801
2121
2654
2600
2601
6092
14591
10299
6670
14148
11114
2608
1030
574
16128
15196
15280
11972
3575
6571
13322
9885
5008
1478
4974
7684
2623
2624
5221
9651
15774
2525
5175
9310
8989
9365
15111
2634
11109
12019
4818
9315
5933
11488
7078
2642
662
12517
7651
406
11329
6546
12377
14903
13117
9314
8403
1740
10791
13377
9423
16012
2659
6643
8813
2662
2152
11817
1738
11140
2667
4798
464
5864
432
5282
15178
6364
385
5871
2677
7025
12901
13521
7430
7845
3682
3422
6363
414
12736
14766
2154
7142
11758
11576
6769
2016
4004
8920
13832
2698
5742
3675
2245
6205
9538
2676
11486
8331
9039
11870
14201
16064
8387
11337
7109
2714
16231
15019
10531
6210
2719
15432
6882
4591
1201
14023
16348
12777
4408
1979
396
13327
15810
2732
6137
2734
618
1671
12342
10155
4346
7443
2102
13385
2929
2744
16302
13064
11315
11255
3788
11161
9889
14318
986
8936
4815
5576
10137
2758
2454
5539
2761
6529
6861
7517
6924
3803
6943
13061
4420
2770
8613
2772
9018
14575
12958
76
292
9958
3004
209
6637
14318
11463
10425
9095
4967
8358
2788
10080
13903
13173
15656
7655
15626
4810
14183
6102
12327
2799
4722
9904
2885
1398
14324
2805
11497
10415
12514
8070
10491
12805
1644
13494
13013
8280
11428
8092
2320
2819
4138
13058
10678
14217
10576
7466
13488
1846
6707
2829
1914
16028
12808
14240
4366
6327
740
5763
4266
12236
2840
16178
395
3921
10284
13199
5564
7393
9828
13844
2436
1535
16163
6573
14592
10456
4406
8784
2858
2859
1537
2861
2862
1509
10629
8243
3422
2867
10273
2869
4666
1277
14638
10993
2016
4016
15258
14251
3809
2879
15653
1788
14092
12467
7351
5101
2886
2887
5910
4810
7536
7444
4589
14109
5652
15044
2130
14435
2898
197
3638
2901
8679
8439
2904
2905
7060
2567
13105
2909
2910
8336
820
7713
10352
4836
6586
8218
2918
8644
5854
10005
2922
6352
1937
972
11452
7846
5781
2603
15290
10369
2932
327
4557
9029
2456
2607
9225
6094
11285
1279
13153
13852
14383
5104
14671
5711
15455
3122
12297
7289
11766
2953
1766
909
1733
3702
2958
1880
2960
13184
11548
7661
15786
2965
10453
1645
16113
15009
10673
2184
1231
3513
2974
8277
12515
4792
2978
5045
9982
2790
10149
8269
8501
9219
11390
4413
2988
123
6771
6178
1032
8503
9880
2911
5302
5043
2998
10571
4704
15495
12216
4432
14119
6504
6615
15349
10017
14892
11479
3011
14808
3552
5077
1213
3016
13700
13345
3019
9713
6535
8350
14125
6657
15121
3919
7688
7239
13798
10599
12541
2456
4785
860
1566
616
5291
15684
3039
7120
11905
14648
752
10412
9742
15559
13964
3048
14818
387
11279
11778
10100
1429
3744
7840
8086
2480
11758
15773
3061
9718
9171
9987
5874
11626
14772
3068
6733
13191
15387
12023
12490
6122
7544
10753
6873
1571
3079
4111
6047
15534
2544
6434
10429
14322
3087
149
11857
1681
7988
3558
4160
3362
2947
13877
12532
12933
3367
7774
11320
10099
4580
3104
3105
10323
5738
686
60
13281
11438
3112
6933
14851
15548
12979
14001
1708
3028
8045
16029
3176
3123
3517
1325
11164
3127
7075
5484
3130
14525
10021
2976
10672
6569
6342
2061
1505
57
6641
11827
5794
7326
11886
2690
2379
2434
1156
1543
3150
15413
15156
3250
2056
6816
2894
5232
10333
4218
11
1023
9701
14535
11043
12676
8822
1227
2634
10883
3170
2731
2690
1139
14557
8483
8464
10059
11172
10842
12492
12327
3182
12384
3184
11520
11099
15633
13576
1530
2142
2423
11862
6359
2433
12884
16059
583
7542
12351
9404
8769
3202
14984
3902
11499
1289
3207
5040
9672
9771
13503
3346
4558
7961
3215
15837
500
3218
3960
10973
11598
3209
3223
8164
13128
5350
10586
8605
11709
13018
5105
11383
13600
3234
12646
7349
6619
5030
5948
10521
145
7236
15560
9816
622
12679
13161
5179
4255
12613
5679
8214
7201
892
11422
15364
14019
388
9565
6240
12096
6198
11344
7094
3413
7605
14443
10032
3269
12635
4006
4168
12779
11242
3343
6210
11863
16021
2986
658
3891
15598
6336
12105
6415
7227
7142
5394
3289
4862
7529
14959
11101
3240
4772
6060
10334
8185
13664
8392
1832
9914
12397
5999
6308
7254
9341
12517
2733
8978
15502
3390
12868
14716
9725
8588
4746
567
15730
10139
5428
6874
3323
8713
144
10114
13485
6203
4063
5285
3483
12454
7116
13396
8466
13114
3320
15720
6070
15836
2068
3342
15047
14954
5457
11531
13285
15181
3734
1646
15747
3079
11784
4791
9953
4113
4934
3682
3359
1213
11137
3362
7744
6497
14619
3813
13612
11630
12278
10341
14949
11613
26
14401
13680
3376
15073
12970
2752
10219
9870
1548
13952
11515
911
647
6914
5701
10599
11026
10634
14280
12238
5386
5639
2350
3620
9451
3399
15961
15250
5344
9917
13814
573
9943
11830
14252
8631
8415
620
2465
1900
2167
32
13414
3077
678
3419
3944
8777
11276
14969
3424
3027
9171
10823
8412
14809
13172
3431
12032
7875
12749
3435
10897
13219
6281
8326
13791
16223
3772
11658
8469
12186
12277
10933
14086
14444
10965
3451
3452
11115
1136
11642
15058
9913
3458
6534
13643
12939
15704
3463
8081
4966
3466
14129
4868
613
5619
1232
11509
2453
7513
3451
3476
16243
7351
7222
3480
11517
15820
3023
7409
10368
724
5468
4948
11839
6604
206
10512
132
6739
7770
13070
6058
3498
3499
3500
15850
1651
3802
4334
2264
9421
5565
13772
11873
13077
838
11732
4044
8059
6864
3479
11082
14272
13846
11805
3356
2410
3523
7259
9959
2615
1387
10090
9353
9156
6775
15410
8622
8425
2828
12955
10688
12248
2135
8076
7736
3542
15212
3544
8913
3083
2871
588
9946
6349
11669
7834
3810
7089
11189
6219
14348
4763
8833
15734
14852
1801
8505
5242
827
742
13666
3654
13696
7970
15901
15831
16045
7252
14658
8573
10335
1144
9160
3896
7492
4444
11729
11301
11533
6533
1136
9496
11295
9968
3591
8845
9762
11769
965
15003
12595
1707
12285
16248
15402
3870
15764
14848
3530
6631
13121
12102
581
14264
4878
4477
5371
9321
16205
288
4469
6354
3619
1423
13964
3622
1264
11390
6424
3626
11026
6774
7389
9644
2984
9095
5544
2847
8112
9413
3637
2226
6576
12942
8857
3312
8660
9437
1192
13537
13913
6562
6473
13734
6849
10942
3703
8271
8521
4966
3277
14945
15991
10050
5949
9251
13034
15043
14794
15880
6770
3668
3669
7823
1722
13345
4380
10578
273
13039
3630
1464
3679
10191
1159
3682
8025
280
14892
3686
14874
11221
2210
6760
3357
7175
10036
1917
6782
3702
7865
16032
351
6523
14441
16230
13293
5879
1567
3706
10253
10259
12144
10525
6913
3712
15774
11988
720
548
3629
999
15439
2118
3721
3722
3723
12219
1264
8877
3727
15575
8438
2529
1108
15219
6230
8972
14866
6580
15495
3738
12923
6425
12403
2417
7992
6271
12675
3751
412
3204
3749
3140
3751
12399
3923
3687
16027
4921
3757
2741
1760
3760
755
4004
10637
16329
12442
13165
1052
11276
3010
10024
9758
9589
9134
6296
16013
5152
8712
7620
11422
5003
11371
3782
11833
8206
14510
7848
12128
1813
7490
664
3791
4553
9250
1418
3795
8557
3502
1362
4614
282
2414
15889
3803
3291
12437
9262
3807
12879
5186
15557
12507
10337
7885
3743
5374
3816
12887
15113
823
4708
13238
8670
3823
451
15050
16159
1114
3219
9024
2531
11775
12525
3892
4
12806
6305
15892
16096
2357
8770
12590
7542
7942
8713
1494
15826
12455
6868
12328
3850
11183
7690
3853
651
8036
16359
3857
1101
6702
3860
16133
2214
9920
8773
4744
5310
4913
8636
5313
1335
14940
4820
1046
913
13589
13636
8454
5147
5964
9948
4588
2034
431
532
13216
8120
1182
4867
8094
2283
11568
7842
4496
5103
230
9240
10412
5143
1491
3900
15724
6477
46
4160
7522
958
1364
3908
4773
9412
6510
10736
2975
11098
12769
3405
11629
3918
9600
11524
12810
14467
3233
15092
9650
11074
3204
14753
11304
3930
12443
8780
62
13933
8120
6538
13978
12279
14059
3940
14936
13642
2448
7963
3768
13183
10937
14865
9568
14341
10109
2783
3953
9480
6534
865
12712
3958
3959
5242
10515
7401
8445
8883
2320
4503
1278
2381
2051
3970
9397
8918
16028
5291
6593
14579
2549
9040
6157
6316
5838
709
3983
4796
15405
15049
14904
1804
3989
8144
5053
2668
4471
3994
10294
13182
11872
2354
5680
14191
6856
6958
188
8906
4005
16354
9105
8550
5261
15697
6744
7809
8352
12901
14124
14190
13609
2535
13210
12274
1054
15013
4033
6106
1297
8504
16
14478
3991
4030
2369
3774
1797
4034
9225
10731
1984
1746
10700
11089
10295
15960
10401
655
7384
2369
13555
5123
4049
174
10779
4052
7657
13383
6668
8710
12012
10701
14816
13308
2820
14831
11401
4064
6810
815
15174
8606
10039
9520
10590
11785
3836
5294
5695
3411
15694
6349
10795
1678
3519
15917
1851
14298
7190
15234
4581
15899
10861
15281
14330
7784
1716
12776
2800
8525
13591
4098
1590
747
7245
11109
11336
2645
14944
245
8340
1971
15938
14688
12765
1232
1823
12297
4115
3082
16120
3102
1931
4316
2617
12791
3213
562
4190
4928
13338
6990
13453
10544
8579
14199
1404
3303
9150
4049
1863
9394
12388
3833
8947
4142
10691
213
10178
12513
12509
13260
12248
15611
15190
180
1843
11597
3392
4156
2404
15786
8319
15741
4161
6391
5387
9900
14969
3201
11304
1888
12350
15352
3750
4172
5359
11355
7582
14306
5661
4178
7794
8099
1790
3918
4974
14037
3144
3780
4187
14216
4986
15376
1223
7390
14777
9542
6746
4784
14928
262
3368
1745
11565
5255
14094
10532
9004
3069
5502
201
990
11162
7994
9088
12951
11912
14062
10604
15055
1457
8435
4220
3657
4222
448
4224
9658
4226
11046
15224
2815
1407
3623
1358
1668
6991
3102
13232
4237
12245
812
4240
7379
4865
3880
12880
5065
4869
7658
13059
4249
4250
4251
4252
13956
4224
4255
8586
11633
14827
7256
4260
13089
6878
10912
13536
151
5573
12376
2965
6980
15998
4322
8647
6604
7424
5495
2465
8235
12873
7329
12114
9369
12393
598
642
4285
9067
14553
4865
1268
9802
3308
8524
4293
6506
10185
3051
4297
3658
10335
8624
16033
13299
15603
15646
1236
7865
5866
8659
13359
8330
509
9848
15658
12622
2832
11666
13219
4318
3473
4349
11388
8337
5616
4805
11644
14139
11310
5444
806
14967
4331
15778
9429
14615
4335
12692
8647
13877
13928
127
3358
6202
13486
11687
6711
6949
10960
4348
2948
4350
9780
6241
16167
13252
4355
10589
11170
4358
5204
16205
15974
464
13959
10899
4365
5907
14764
9482
5301
7808
7712
1608
70
5204
4375
15535
197
8561
5353
13682
3863
12063
4246
14822
15010
14025
4679
14792
10892
15267
9577
16095
15087
9166
174
12662
3681
6081
4399
11041
13162
11381
2465
4489
12988
4406
2534
9693
12139
2730
1869
1107
4413
27
5732
13169
4272
4169
11794
1912
8847
10202
12803
7730
3394
12514
6432
12560
12687
4430
4431
2709
4433
16240
2383
13750
13017
13763
16214
1121
4441
10367
2363
10813
6121
5093
12682
7227
5119
2029
4011
9391
4453
6197
15804
11302
15044
9621
7721
6389
13015
3850
4463
12820
9190
152
15529
9045
2535
12894
5677
16297
12723
6797
10279
4476
4477
15085
1226
4480
15
3793
13907
4484
7241
8912
15935
11251
1918
5747
10671
13219
4406
3907
4555
10794
537
8404
7230
9726
4501
4502
8556
6374
2386
11090
4507
2883
4509
4510
8062
11002
15605
14859
4897
14305
16084
4911
1714
13606
12152
10625
13156
7018
12542
2518
1304
9376
6924
5211
13931
1333
5747
5950
8562
15473
14505
14935
1474
9210
1433
9536
3828
653
8010
8724
14958
7709
13634
287
4551
4930
9401
10911
1701
4556
35
7068
4218
1338
59
11141
6548
13989
12474
4566
12295
3555
4651
11383
1675
3202
4573
12856
4575
10885
4634
6007
14712
5287
14016
7051
3860
5340
4300
4146
10269
13701
15056
11969
13735
5739
4593
16187
15072
5797
10943
5236
3402
7032
1146
6956
4603
11683
12528
8630
14884
8999
3130
3133
15006
1457
8419
12637
8507
12278
1593
12807
39
11861
10123
15094
4623
7446
7473
4448
7248
6160
10245
1806
11395
13646
8838
12540
4217
4136
8683
12846
2635
1298
15976
5767
16303
1048
14186
12555
9555
10079
14147
5977
10118
9624
16099
4654
8827
685
7187
13275
7932
13346
7135
9737
8357
4396
4665
2190
4512
8612
6325
4670
13195
5073
8959
14492
4664
4676
14726
14410
5712
12527
10580
4682
4683
15266
6221
4686
8343
4858
16338
1582
4691
4572
8781
2266
11758
5671
10197
8719
12805
3549
691
816
5739
5203
9427
12063
4707
2013
14499
4710
4638
120
2779
2979
14529
8490
15505
8724
7371
5341
682
4722
12228
5295
2263
415
14075
4528
12172
4730
3361
14724
4506
16165
1889
5197
596
7627
10399
10022
3305
12411
8136
7942
12530
10914
10920
10674
3019
10040
3013
10389
4753
15381
3695
6232
4291
5957
6646
4760
1981
4762
10485
2433
5341
8824
6939
5121
10712
12135
4771
5716
4773
4774
1954
6149
15737
5259
2175
7488
13200
14704
2018
7736
8993
5036
1391
12005
15425
387
15699
4792
5272
4677
5272
11918
6657
15756
4799
14350
11997
8195
4904
733
4805
2523
654
6448
4476
4810
6802
5800
9734
8976
4815
13288
6550
7295
15305
14285
16287
4822
3956
15675
11908
2996
16062
11222
8268
4354
4831
109
4833
3801
4835
11011
15864
1766
6623
7675
6670
4842
4843
7356
10197
7323
13803
14672
14125
3219
8022
6716
122
14571
14011
15426
12471
13913
2997
11761
9436
5993
11438
4274
14260
15792
4382
1676
10418
3862
3441
656
11536
10110
8011
5348
1049
4878
5430
3635
15173
8648
11656
5504
8769
9842
3130
4888
7810
5928
659
10806
4893
1305
10094
414
4897
12742
14367
14673
12149
2365
16348
6182
6226
3405
6838
1377
13514
14848
4911
6724
14562
3893
10358
13350
12540
5630
2470
4924
15471
5599
12733
5015
4925
6257
7155
4928
6319
16351
7568
2676
4933
14333
4935
5857
14825
313
5820
4940
4622
6538
9224
11459
7914
6354
9923
14637
4531
13815
8611
4952
1497
9971
14240
3966
14894
13326
4959
9564
4961
11243
1956
15821
2013
8274
15787
9580
4969
10950
13735
15436
4973
9390
14048
4872
14011
4201
14095
9086
4981
12115
4064
2624
10367
8595
54
2593
4989
10091
4991
10024
448
14056
4995
8534
13774
7235
3392
15729
6671
5404
7619
6073
14983
2184
5007
3424
14035
11573
1087
2522
9199
5287
232
1900
1017
4296
5019
4523
11384
12890
4577
13976
6596
14600
14424
4267
6749
11813
11501
10140
11157
5034
1788
15543
2391
7860
14142
4574
11283
11792
5043
16146
12369
14313
5047
8961
1272
14544
10860
2288
2455
15383
13671
5056
15344
5058
3575
11263
5555
1790
9302
9821
8539
4730
4938
2294
15886
6725
1453
1893
14584
15594
6466
9483
11001
5078
6228
5467
8929
15188
6738
7088
9663
9026
9543
8661
6312
8502
12235
1190
14057
14025
10491
7493
5097
6179
15220
12430
8472
14722
5103
2770
9924
230
970
9133
6695
5110
10452
3749
12922
15918
12677
11725
6272
5118
3381
5004
15297
12923
13664
5224
5040
9515
6414
2712
7155
520
10205
5132
13333
5134
15740
6250
5420
14077
9020
15344
14306
9989
8092
5144
4616
4056
11841
5148
1154
3589
8133
12878
9860
11513
1497
8772
8051
15161
13996
13091
8291
4025
15802
15445
4544
9622
12393
3899
15872
1428
1591
8507
387
15896
2111
8479
4128
6166
3935
5281
9754
12067
1774
3230
7196
3271
12001
15246
5189
2047
9612
11952
10337
13636
11370
5196
5197
9397
1796
4607
5405
5202
5694
4094
6832
7285
12600
5208
7219
6796
14710
5212
15697
10923
5215
4491
3247
16203
14245
15313
5221
1593
1090
6124
4863
13090
4986
5228
6909
6318
553
861
3569
11922
10257
5364
145
15661
11058
4238
6108
1958
454
13326
8753
15163
12638
3292
3270
15884
3110
1130
14813
4702
2219
5256
4552
9564
15308
5260
9537
88
5241
5264
10090
948
8810
5627
11204
14173
5771
5272
10480
8846
10009
204
10803
10462
13529
3172
9240
9783
6463
12509
5285
9282
9572
13638
7710
5290
14274
15856
12262
7453
14780
5414
7541
3636
15503
8488
12445
4746
3308
10234
10516
13787
2695
4140
5309
13990
13498
14601
11135
285
7457
4533
6747
5318
3581
13814
16318
835
5140
5324
14207
306
1017
5276
5329
15085
6430
12816
2337
5549
4919
14781
10294
8226
8630
4425
5629
11325
8565
5344
3234
8438
6781
14368
8722
14237
2516
15468
1434
16330
15401
2268
5085
13224
2573
6101
2115
1274
12530
14930
5365
5366
3610
1694
3464
2006
11987
11690
10636
28
934
5576
8592
4167
14013
15372
2151
6350
13225
4666
5433
14658
4611
4449
541
9695
1288
3113
15795
3402
4386
11941
1947
7995
13634
5411
10001
9237
716
4252
9264
1649
9827
1471
5815
7455
458
7965
13804
13682
12631
2852
11955
857
7300
12495
10552
8588
15608
9962
5425
11989
5427
3609
5429
5518
13936
11604
5433
2768
2962
5220
12004
3677
9471
4883
5325
2913
6353
11139
10367
6810
5447
2720
7786
4108
15350
5452
10637
5454
16062
16206
1552
5458
12173
10373
10139
11396
3951
5464
5744
15004
9468
3295
10223
12235
6256
15442
7854
9932
8528
5476
12736
15256
11440
2704
10010
5422
9514
12729
13207
13621
11694
7459
13298
11516
9011
9086
5504
2765
4097
9454
8508
2717
5499
2538
11802
12939
14772
1673
11997
6242
11604
4140
2593
10475
15580
5512
5297
4101
4617
14810
445
1440
12046
12139
8898
8959
7270
1524
1661
12773
4289
5757
5843
12796
8473
8380
8214
5028
6767
9886
640
13008
5106
4779
15601
15580
3974
4513
3296
8591
2938
3741
10030
14983
15879
2543
7557
6764
4067
9217
5557
3152
8355
14974
8994
5562
4766
7062
989
12979
12089
7756
6481
12728
5571
4379
11586
1123
5575
3595
10781
5096
8107
14077
5581
5582
13686
11044
1433
7331
9642
927
9874
815
7690
13940
10031
10841
5910
8620
3451
10675
15682
4439
7270
11386
12194
13750
7730
189
8951
8852
3783
3347
13947
5612
11890
1039
11249
6549
2471
2195
16191
3397
12068
621
11086
9623
10651
5543
15532
2887
5629
8993
9823
2184
13431
708
5635
13569
5637
9241
14457
5640
5641
4914
9429
7023
5645
5646
13765
13211
5649
10369
11328
8716
11408
6192
15265
13878
8386
15071
891
4070
15691
5662
11976
13692
9957
1134
12840
12843
10126
6278
15026
7173
6985
12211
29
5057
740
9457
12079
14505
6283
6063
9448
14999
1086
5686
15639
13879
14964
7640
12565
15854
11709
11871
5695
11445
9017
5443
12579
5472
1902
6320
11749
5704
543
13492
2349
12753
13520
7405
13493
6592
3099
11613
12875
9161
5717
4676
5719
11489
10247
3930
8983
8826
11569
5163
8295
6894
649
3355
15910
6091
15933
4997
7992
5869
361
8535
2976
2709
4903
112
5743
10113
2011
6703
13211
13623
3193
5987
1914
14681
16233
5843
7279
8674
1028
12441
584
7921
5761
13089
3939
7446
2796
3487
12442
10787
5769
9355
5771
12802
2937
12331
15510
7840
12442
9238
9850
2760
6064
7089
5953
12050
9002
4249
11899
14845
11528
4188
15872
7584
4772
7408
4289
8710
14853
7084
12196
10910
1486
5167
7327
4423
1113
6452
12262
13554
15689
5727
16313
5368
12815
5881
1033
5433
10130
5818
5819
12931
3893
5273
735
3380
12856
5506
10787
760
14215
9255
7843
5832
10026
3780
9329
15192
11106
13751
16304
1173
9628
13473
477
15354
13402
5846
5844
11785
5849
2898
6876
5852
833
13027
3423
4725
1915
4157
5859
8104
14771
9662
2506
15530
7492
11760
6989
1133
5869
15539
16317
16325
10260
13683
16244
11432
6926
13333
5879
11908
5895
10350
1367
1295
13247
8242
2127
9890
11664
6851
11804
15820
5893
14954
10190
9097
1075
9336
204
12834
16324
1337
11988
16256
1277
5863
13554
1136
910
4095
14468
12817
9989
8433
14183
11284
5917
5296
6041
13410
15185
1320
3877
5924
10604
756
2446
4410
9852
3521
13745
10056
5933
16354
13684
11392
11958
13555
12668
1436
10724
13803
2346
14818
11887
15162
8422
3935
12961
3321
9230
2617
5953
347
8030
3936
4223
2250
4691
6668
6659
14543
10188
4019
8214
10158
1318
3221
5731
5970
14872
5972
15888
7166
9211
13306
9511
7644
8808
8289
16065
12743
4865
3002
5588
7481
3348
13618
11416
7570
15867
16107
14237
6141
14265
8041
10159
6094
1814
11476
9314
7544
9963
8817
14709
2789
5738
7836
6009
10432
14546
16124
10112
10904
4604
13113
107
12084
76
13724
7115
6022
7645
13206
6837
5498
6027
2962
4717
13538
13120
10810
15351
8211
3739
6510
1789
12555
4834
4577
1909
12669
6043
15008
70
12408
8736
10973
6049
627
5464
11079
12710
5540
8419
3441
13184
5240
6059
10277
2297
8202
14994
6064
15834
4937
9419
14800
13148
13158
4925
14936
9328
6074
9759
3129
11236
6043
1752
11305
2067
10487
5893
2693
15951
588
15403
5106
9006
2459
6091
1905
14245
12735
4202
6062
11344
3651
10999
4379
6101
2067
7762
1152
6991
6313
10479
365
9441
5331
6408
11193
251
8474
5295
6144
11166
4861
6731
10184
9966
15736
12642
11871
6125
13596
8993
16072
3274
6130
3952
3338
14272
8330
5404
5649
9481
12395
11961
3576
12759
5018
8906
2782
16210
9156
11255
5120
15299
6037
6151
9981
5645
16220
3562
4996
12478
15432
2208
5086
15119
5481
9037
2073
3368
983
7476
9016
10463
3486
4592
14038
16245
9609
6559
2642
9434
15715
13897
14554
14629
3549
8150
3890
3384
11711
8885
15861
10759
11092
4562
9493
188
13599
11565
3555
14581
6198
2657
12570
8659
6202
6142
778
6313
6002
10386
12871
8644
3436
12201
6156
6213
1605
10446
9704
9754
14335
13087
5080
6835
12564
15838
1543
741
8947
1730
14339
6229
4127
5285
12535
6783
1470
4810
12925
2247
11122
2542
12633
7608
6242
11185
16068
3425
956
1288
13870
10659
11041
6251
11820
7362
16120
2270
3541
15574
3812
6259
4281
8136
5542
2236
12262
6265
10826
14770
2661
12295
3195
15585
14542
14316
1742
10790
5540
12927
10473
8964
13882
11760
6449
8157
6284
6285
6416
1884
15518
6151
4153
2674
5340
7965
6954
13475
13506
9189
9353
7947
6300
7575
12013
3857
6304
10769
11213
2014
8701
12954
12803
14240
9496
6891
6819
6994
2266
13267
15150
8681
15150
14283
14832
6323
2918
572
3787
10882
6328
7525
878
8003
330
10230
15949
7904
5858
3422
2288
686
5435
10988
13639
1854
8843
6751
8744
6347
15661
13744
11010
12543
12509
3306
11308
6355
10407
1753
14226
10978
5540
8723
2118
6417
342
2447
262
16290
10350
6119
3327
12638
6804
6373
8762
7241
4058
10615
6378
16084
10808
2974
15360
8167
13983
11519
4291
905
6442
14697
2657
4283
9290
8196
13006
11408
14612
13347
6398
13854
14873
13252
7820
4607
195
4073
11410
8956
11313
6409
15468
3186
11012
9891
6159
9988
1674
3758
5122
5964
4662
11563
4277
7318
15846
13566
15514
12467
8589
13741
9429
6059
6432
12230
6296
13878
452
6490
1566
11862
15445
12878
10945
2246
7506
4451
8405
1109
6124
12162
6230
12088
439
1408
16364
7756
869
13545
6885
13335
5750
6461
4242
6379
11808
87
12675
9301
538
2780
10866
12399
1841
7359
6959
4086
14864
11410
12490
15972
1149
8267
6482
5817
13236
8705
7225
13215
77
8093
6490
10376
6961
5044
6494
16125
11202
11422
11548
11288
7712
4464
11826
10492
15329
7840
12332
6303
14799
33
4783
9824
12523
6513
4370
10972
4405
10187
7824
13110
1027
4654
13186
6523
9119
15029
6526
3762
14162
14769
14964
9200
9932
9867
527
14395
5308
11018
13339
13148
6540
6965
3258
11562
6998
8040
5001
3136
12409
15972
7540
6211
7411
4265
6554
7237
6556
12065
1066
16356
10709
4828
14133
9094
3407
6948
2641
13273
7475
6569
652
2197
2108
13990
6574
15344
6576
9073
863
10521
16070
8902
15521
2821
4927
6585
6586
15108
10360
11137
6135
14625
1990
6593
1815
15690
1961
12523
4133
6599
16093
5232
7539
6657
7873
4428
14131
6607
8524
6624
16238
6129
5583
8926
6614
6992
16103
8611
15893
15239
11431
4435
13962
5407
15572
3712
3647
1177
5526
2952
3137
1665
7085
2845
6896
14623
9501
14768
2666
7247
6907
9289
7101
13036
14871
16026
3643
14589
8253
3151
13443
3299
7586
11021
8705
6773
14732
12351
6658
7949
3874
15303
11085
5538
6003
13929
12433
4241
7046
10817
6907
14292
1339
16195
5008
14374
14682
6677
4650
1632
12886
12902
4783
9945
16200
6685
12368
4581
8521
2756
2928
4487
10704
6801
3405
5404
12338
9407
2948
8387
13648
9993
2819
6703
4170
7901
6706
4157
3980
12908
2147
2277
1173
3778
15163
14074
8560
6717
8723
13890
4543
13303
6026
7298
16230
10512
1617
6647
13917
7020
2600
6939
9968
10986
6734
4202
6736
3576
13804
8371
11476
1577
12351
8000
3723
14627
9172
7500
13405
6862
6750
16060
5743
4367
4218
2661
10392
11516
2507
4519
13132
9153
6762
2051
3768
11752
8990
13735
6354
13191
926
3773
5178
12402
5349
1144
4017
9071
15770
6779
13188
187
12791
6783
3665
16246
6786
2149
6788
8031
4079
4810
2038
15594
7316
6557
12342
84
8607
16109
11835
1212
13459
1804
14403
14384
5577
3196
10401
10925
4339
14417
3612
3724
11221
3798
6816
130
14885
6819
3659
2279
6532
7737
6824
7088
8569
6947
6828
14403
15125
2904
14486
7348
6834
6835
2628
9936
8559
16086
11740
6577
6842
14085
932
9772
8102
11856
14110
6134
15467
1450
970
2880
1579
15855
6538
3857
6002
14275
10944
14570
4837
8962
13311
6865
6866
7740
7063
4274
6870
6871
10367
615
12832
10068
12354
3025
7768
13285
12796
15869
8756
10522
5619
7839
11971
6588
6888
10718
13549
6058
872
1022
12059
15146
11965
10245
3598
4543
7171
11337
11605
11444
5319
12219
7891
15386
8188
10915
6769
5088
7327
6254
13844
1464
11872
5298
13434
2075
16015
10598
8133
502
11619
3807
15647
7200
14051
2860
11742
4837
14196
6962
16280
3130
6936
2797
7787
2131
10984
2317
8900
16072
6944
9643
6946
15153
13531
11106
10640
2444
8155
12714
6954
2074
2369
4462
2576
13987
8269
1838
4802
5935
4698
159
10772
2509
7121
10667
5639
9917
2069
7769
4516
4386
284
4203
14028
15436
1349
6981
8750
9691
3792
520
6021
5866
2888
6989
10482
8441
491
2366
10278
5292
8301
14975
5451
2688
1100
12571
13354
6738
6103
15423
14506
10618
3424
14790
14821
7011
1067
13841
7014
16169
9816
7148
3577
10336
13168
9442
13223
7265
1498
13713
9631
11775
2621
1547
10366
8071
4234
11465
4257
1203
1818
10359
241
16323
4592
3664
14728
3028
4731
12185
2813
14546
2948
6389
8497
16115
15830
5336
6995
943
2664
241
12717
5284
1787
7061
6698
13354
7064
6020
1778
1226
7223
3595
11584
7463
3534
16176
11127
1877
2819
15857
14061
5631
14018
7081
624
12019
7084
6131
354
11464
11466
7349
12406
14129
7092
7589
8739
7095
3029
9376
15436
16382
15395
7101
830
1224
6233
4424
12807
7107
13696
7957
12598
8438
9834
15417
7910
7510
4663
5543
8134
298
11673
8487
11761
6754
15835
7125
7783
4499
7040
137
7527
31
7132
15572
7524
15425
17
8747
5274
7139
4441
5170
2585
12397
1383
11022
5846
415
2547
13356
5078
8089
5105
5375
3378
13591
751
10131
7158
13042
8533
14629
3697
7163
8669
7165
5771
7167
3727
7169
7857
13295
2767
7873
5657
8040
12313
10826
7178
10624
7180
8326
12209
7183
5261
14171
12623
7807
11142
1316
15896
16246
6690
2889
13453
7195
7441
13019
10110
15973
11264
13806
8258
650
1148
16114
13944
3914
7602
3217
11954
3531
7212
14042
6193
7215
11856
9866
11454
9642
6105
2876
4400
7420
2387
7225
4261
14110
5275
7229
1329
5166
1910
11438
4754
13173
8859
7237
13011
13822
10006
12740
11382
13920
3958
7245
14598
9489
7488
12255
7250
15681
2959
7253
7254
5737
10750
12600
11841
7259
13626
615
7262
2876
16012
4876
601
7267
4903
6204
5766
6812
1258
10520
3600
7275
10116
7146
1037
3738
3502
7281
12418
1273
7459
10631
10761
14946
6502
10057
1520
7291
7292
12238
4423
7295
14119
7694
1664
14734
7300
10569
1291
7303
3225
11170
6193
7307
9428
551
7310
13004
10685
11070
219
4417
1832
1256
7318
8154
5333
13673
9426
12791
7920
3802
11352
14421
13858
12871
10274
7331
1896
10605
7334
1583
3559
8954
7338
12151
4850
12178
6936
11042
5222
7487
7662
15906
2172
7880
3938
4003
9135
12091
9335
6424
5132
5741
14343
8933
708
12379
6407
13578
6268
8302
7799
7850
11861
7369
368
7371
3616
326
12546
10552
11367
1383
1654
2644
904
3825
10524
4842
7828
3274
548
7387
778
9697
5680
7391
6519
7655
14612
7226
3649
4634
4420
9916
12936
12218
1381
8412
12585
4997
8737
8746
15548
3719
10128
817
6363
11032
4641
502
15873
7417
12468
3775
7420
36
13246
13472
5715
3380
4742
3943
10605
7429
8391
8576
15024
1922
5127
10857
3303
13538
7058
8299
5890
15803
7462
9609
9547
8278
15971
7447
7448
4194
12918
88
3682
9002
3862
3717
5863
7457
949
9432
7460
9242
5691
13374
7464
3462
14081
5565
2102
16002
7470
10692
12958
7473
2920
7845
7476
3631
11218
13735
7480
3050
2295
6959
12596
10572
6545
405
7106
6632
4086
16107
10493
7802
5585
11442
849
14826
7498
748
7500
14222
1903
7503
14828
3403
4004
7507
14445
14094
578
981
5554
4208
12198
2904
7257
14493
9862
3468
8680
22
3872
15785
6653
7525
7957
15507
762
15759
4707
12203
223
3148
12950
14445
5051
11393
1463
9054
9453
15556
9631
10433
4725
13839
6247
7629
4711
4355
1106
8179
13034
1128
12050
12435
7780
3623
11557
8541
2997
16264
4359
3219
3027
924
7566
1279
8077
12316
7570
2741
747
5385
1912
10377
15817
6637
7831
5679
14265
12542
10033
15370
4336
6683
113
1
7588
2733
7893
3623
7592
14289
49
6619
14168
4408
9838
811
5331
11116
8887
1263
13857
9633
6647
15768
3626
6079
6020
7611
11456
11758
7614
3900
7613
5406
2886
11948
12088
2998
11949
7623
14820
10890
15571
12725
10939
7629
5806
10508
15346
15643
7634
11318
4292
10374
3821
5554
7846
7641
13453
12200
7230
694
1895
13249
12150
13652
765
3378
2673
3650
15326
14761
7656
7657
6647
10890
7660
7661
13196
1153
10076
9536
12091
15881
3660
11052
15139
14977
15343
9129
2413
4513
590
15866
328
7819
175
2222
4684
12324
15873
5448
15702
2162
9097
14643
538
15743
9148
7693
13733
7695
7696
511
2839
6885
12601
2336
10544
7268
1090
9136
6227
10218
11549
10739
10808
7711
11030
11066
2242
7715
11204
13288
6925
7144
12776
12372
6461
14937
5084
4719
15474
4443
13866
12823
4953
320
3323
1170
2655
13866
8437
7737
3745
6617
14663
13962
1781
9017
8385
12810
3699
7747
10627
7630
602
7751
1167
14773
13377
13539
4849
11930
2238
9567
11019
6680
7048
7457
11633
7367
10779
12802
10022
7769
8260
4854
7772
13766
14877
3133
11343
273
12149
3344
13083
15847
13970
4328
64
15136
2716
13441
12290
7564
8986
14528
746
3620
4823
7793
11077
71
15159
5471
7800
12872
8796
7803
13731
1342
6177
12223
4474
1136
12495
238
4479
9193
16085
2064
13520
7817
16148
7819
815
16235
7822
13204
13105
7414
7826
5805
11248
8159
9425
16070
15951
4117
16141
14726
9587
12628
7137
6933
13969
13314
2771
2058
14449
7845
15266
2296
7848
7849
2543
8074
1996
4606
5210
1759
5420
5060
14963
2140
12474
4383
13387
4248
7864
13807
13073
3815
1539
7869
12829
2156
7872
11126
9072
9292
1674
6657
6221
7879
4445
8714
4285
3326
11009
6827
11399
13004
11432
224
14763
468
5284
13341
2607
7895
1373
1339
15994
7899
5620
7901
15146
12682
7904
9434
300
9126
11589
11425
1813
4497
13099
8469
10717
1159
799
15002
4484
11807
5444
15882
8427
492
16106
6805
959
5005
3761
7929
3565
6377
5099
3174
11996
3860
15855
5046
4160
7939
8596
250
15584
7943
10409
4746
12298
2493
15463
13456
3291
14080
7952
1555
15098
7955
3139
1053
7140
7959
3630
7961
774
13944
4588
5778
1320
8153
12154
6418
11326
7765
10278
10797
12810
14437
3008
13060
13636
13416
1421
9550
15909
499
6621
2815
14578
8176
1528
1333
9228
7991
8667
4962
10001
6226
9550
15778
7545
1318
11547
13963
12643
2927
7856
7055
15737
5908
10063
12412
3159
7094
13832
12708
6618
8015
14331
8017
2945
9433
12524
11120
10960
13856
3963
8025
3243
2434
13963
9468
11983
13356
8032
629
13300
8518
14591
9558
11444
6062
229
10796
8042
11969
10291
6823
8046
15127
1000
4271
11451
7618
2217
14395
666
14740
9130
11625
12212
13092
14867
14645
8062
10670
7951
10243
7641
8579
7158
16158
6785
331
11217
8073
12846
559
5629
8430
8078
10849
12451
7172
11849
337
2238
3082
2553
248
3747
909
9377
8091
15371
13120
6084
13854
11380
369
5420
5238
8009
13998
12395
7782
4398
12725
2615
859
13284
8243
9288
7748
4309
75
3212
4646
2313
6293
7198
2560
8120
10039
8106
11937
9026
4841
1636
6495
16220
8129
2005
11914
8132
5073
10013
9527
1083
8137
1411
13924
13808
4025
14782
10707
12267
7685
2070
191
7759
5282
4836
10071
11574
12034
12631
5229
3755
8183
8158
14254
8596
9818
4364
8163
8431
8165
11822
16277
13504
5451
9419
8171
14586
6861
6958
12009
10885
5355
6331
6767
13039
8401
6957
4413
13682
11793
14484
8871
7442
10730
14099
11196
8192
2528
11968
3407
12345
8197
16331
11838
7783
16223
8202
8957
8204
13233
9257
7158
3709
16214
2783
14593
5184
9113
4975
1838
1129
11931
6251
14810
8220
7339
8222
4350
7297
14780
15079
5011
9592
1222
595
12998
13566
541
8234
8451
4964
380
1023
1812
9636
8181
5520
9466
10963
8245
3728
14649
3691
8249
8250
8702
103
4820
4249
8255
6353
3245
11587
10702
10541
9983
9396
15552
3190
10617
16146
16187
7798
302
8270
8254
12762
681
8274
9276
14573
10317
1072
3709
8280
3398
12034
7436
8284
1662
15725
16138
1764
4160
4002
8116
7404
15588
2433
1561
9186
11828
728
12375
8300
6060
489
12178
13858
8305
8306
790
4047
10235
8310
8311
1471
13322
8423
11787
14394
12131
15184
8319
10043
3183
461
9383
2936
2225
13542
6937
10340
4562
6140
12773
6122
15326
8216
6849
11316
14276
7337
7109
11749
8126
8342
11155
5599
8345
9596
8093
14021
4998
6102
9768
3797
16144
12950
8355
4258
9143
15885
6482
6300
6437
437
10861
12576
8365
13209
598
11517
8369
5041
8371
7446
6449
2932
14782
13557
14680
6524
8328
3894
16119
36
1530
4733
6137
8386
11297
8388
8529
5896
7862
12786
15038
7362
2883
4954
13798
8398
3320
15814
9990
144
28
5122
5184
7473
11570
8115
5871
8743
6410
12394
686
10303
12128
721
11833
476
6857
6745
9005
12752
14607
5406
11406
5584
8289
16359
2998
11608
15788
12987
11751
8434
15815
1724
551
6904
13294
8665
12774
5652
15075
8783
8445
6337
8993
4526
7057
4441
5002
13913
11186
14006
10280
9408
3027
5301
14991
11315
5275
1604
6538
4679
14590
8466
8467
1905
4109
16314
2455
8472
11012
13223
11119
7401
2490
9809
8479
16183
8826
8482
2418
4325
8485
15882
6858
9326
13410
1659
6947
7305
11066
9973
12606
9673
4904
1496
8499
11276
11441
6174
9482
13345
10283
9411
15799
4910
6249
10534
12311
8738
3958
12109
1179
6375
49
676
13233
9374
14085
14891
16320
5005
9573
9909
1226
2861
14812
2722
14136
9868
8895
7233
6829
2793
259
6243
7703
6507
392
8542
3629
15244
4350
15737
38
10724
8549
15786
8551
713
7572
8775
14797
6079
8711
3418
15651
2235
4643
2127
662
7364
16262
8566
10529
16259
7111
973
2667
7369
7216
10369
13876
7607
13997
12735
11956
13350
8581
12773
6296
12751
13485
13867
5141
11898
3561
13851
15315
2827
16085
3573
4953
362
10937
4831
8599
8600
10891
10811
11941
11863
13477
2925
2694
7462
416
10301
5074
13151
5872
2039
9539
12167
14789
6639
9650
3546
2152
13210
1012
1082
8625
16037
713
4655
4605
1074
15591
9435
11964
10017
4991
7443
7109
7916
10136
14570
8331
4052
3260
5097
9924
5298
14635
5706
3703
4890
15355
7248
8653
7041
12181
8259
8123
11833
8971
12777
53
10045
11983
9488
5624
5615
14478
13066
12723
6009
8671
6818
10909
14340
10869
14168
3052
4408
3081
1303
10114
6783
6192
8684
9084
14030
13232
4880
5905
8690
4970
328
14875
1362
381
8696
8535
13344
9868
14159
2574
7961
8703
10840
15297
13970
1273
9821
11925
8710
12142
8712
7604
14976
165
10684
16278
10278
1083
6085
2978
15112
2933
7857
4632
7902
8185
3123
9264
8565
11657
8732
6223
2048
9431
8797
10008
3887
7709
8740
7593
5159
1145
3133
916
8748
1725
1081
3047
1618
11358
4129
7703
14335
2857
10635
5808
7488
2152
13992
10610
11415
6172
5883
1254
8219
15313
10050
1842
2815
1374
9435
8773
8774
7974
2518
12567
8889
11265
14291
9969
14311
15909
4943
8785
2056
7227
2893
4912
1477
8700
12399
3628
6307
6625
15043
12478
12507
16296
4312
11435
9961
6154
14250
11334
15588
5839
13851
11770
14727
8731
9677
8312
6657
9201
13254
8712
43
16146
13623
1519
8462
9638
5146
14768
16262
3804
10862
12384
8830
3715
8832
15173
7434
13675
4942
5299
8624
4145
11137
6090
15915
9480
14820
9207
1407
5093
2023
14660
13804
2065
14421
8853
11043
3583
6498
4296
8728
4882
4173
12532
15743
172
16246
14531
7605
8867
13537
3089
12904
5776
7233
7656
11866
6763
751
8877
10301
15969
2157
15393
1607
432
12813
3671
14853
7471
7253
4966
11766
15981
9847
15938
12128
9205
16109
11989
7352
7329
9141
10440
3848
14917
1288
11504
10398
8051
12254
4314
7635
14411
3323
9242
14842
8915
16135
8917
8918
8919
12912
13310
7221
3781
1892
2602
3377
8927
11738
2155
15504
4559
1879
8933
11108
11910
9207
3865
5965
13055
2397
7252
8174
12794
15302
4043
8946
8947
723
6553
8950
2069
8952
4045
15794
527
3795
12321
8958
13836
11015
16101
8962
15727
13616
3093
11081
15770
2212
15639
1264
13320
11164
10471
800
744
8976
7141
3196
7995
8980
15314
8982
15989
6913
2972
327
13465
5041
4372
12874
5567
8166
8810
3018
2797
8527
2361
28
11619
13441
15798
13831
12695
677
10766
9006
7474
11147
11565
8217
1903
14760
16211
832
14364
6739
9017
3804
14690
3819
8844
2677
308
14410
10843
9118
1043
13639
1260
3403
13666
12878
459
9034
9035
13079
10324
13153
13756
4705
4242
8518
16269
12458
10421
14644
12285
11252
12623
9050
2639
15055
9053
10929
6458
7514
13605
6765
5539
8063
15882
6582
5317
757
9984
2599
9067
13635
10443
15677
7574
7211
13048
12279
11453
5182
12163
7526
15602
10423
3426
10469
9083
6661
6065
9140
1205
12522
9089
269
14810
2902
5808
6488
2400
12389
11805
3156
9099
5988
9101
9102
14403
406
46
13695
7980
7257
9109
9110
10359
3874
2325
15540
16036
9850
14757
10074
9119
13276
8841
351
2956
1596
1555
15477
9127
1865
9129
16364
1994
7672
6468
4393
3676
1888
7549
9663
16290
7954
9709
13600
15933
9144
581
7574
9147
3422
2905
6729
3074
12754
5101
13147
9645
13942
9157
13497
12600
15537
15052
11692
1017
15031
13686
8688
5114
1694
12363
7001
9242
9172
5642
6906
812
15350
4122
360
15930
11695
9181
3782
2450
2040
6855
15203
7140
3617
8464
4697
730
9192
4679
3850
15781
16371
4866
14427
13672
13554
3157
15365
9532
10157
8223
15173
679
9034
14138
4800
9393
13683
110
9214
9215
13174
9217
16132
2149
3644
9221
14951
9289
7261
7030
13985
7990
11708
1450
7386
11694
6316
5428
8981
3485
8584
7962
13016
2357
16184
11805
3035
8833
9244
9558
7834
1841
6857
9249
7943
15015
6604
10092
2274
5170
9256
9257
2996
9534
12199
596
1139
7523
2046
8524
2832
8361
13952
11813
11845
9271
6151
9273
3390
8476
8507
3189
3896
11541
12021
13454
2990
13861
3926
10933
12491
9287
10529
4640
14765
15699
7635
7914
11513
8230
9053
2651
10275
1192
5483
2251
15143
911
9304
14095
4910
4300
6187
13416
7488
10082
8573
3124
7151
11562
600
11076
6110
13091
5221
10749
11471
4535
1999
3000
16047
10229
9328
12052
2314
4119
13244
7796
6370
12002
8706
4080
9338
527
13005
10266
13943
4108
3964
9345
6131
7231
11114
1308
9350
7830
5806
7418
4536
11026
1782
16006
15560
3781
2622
15222
14009
9363
14673
9365
1151
1743
11532
8946
8112
9371
7150
1267
12192
7676
14271
6073
5234
1994
10036
11364
9224
4766
12672
670
9386
10571
3705
5205
5212
5486
4827
4387
9266
7448
3224
6890
5736
9399
4375
8633
9402
884
13320
360
8033
14587
12551
15708
9410
12473
2240
4558
14467
12275
15921
9417
7306
656
9420
12208
7975
11226
15912
9425
13180
53
5014
1622
4439
14279
9069
7663
4785
14804
12037
13417
15687
8972
13776
7335
7174
9943
6659
3263
12182
11216
1345
8072
10752
8650
8728
6576
241
3569
6103
13420
3622
11116
15041
8060
9011
7725
15722
13795
6144
11374
9468
10827
5447
3962
8218
12781
11135
1776
3055
14397
13957
14270
15741
5645
8638
8007
14372
15213
8247
1556
4931
5282
5177
16047
3938
13237
8673
9495
11662
12574
6083
1421
7564
525
6867
11525
8742
3264
6275
10518
6318
4288
8090
4204
3644
13734
12841
11650
11721
11669
3512
13277
215
8793
2069
16261
12730
15305
8549
8007
11495
14631
9428
2674
15155
16294
14198
7513
3173
4088
1646
9491
9540
8375
9735
13694
12019
9545
7085
10150
9548
7284
2421
5434
10796
15697
5648
3204
1382
5525
15934
302
14073
7556
11796
12320
599
14469
11090
509
12282
2218
9570
3681
16370
3863
13171
8360
13598
10480
3994
9579
4298
9581
4245
11278
6718
9678
5689
6031
15326
8892
7412
4466
8441
7713
9594
2154
15997
3125
14473
211
1209
9179
719
13491
11396
4400
13476
15259
1186
5451
12472
11666
9445
385
15910
4338
7102
9617
9618
9204
10026
13132
8145
2533
4159
12610
10974
9627
11872
14763
10586
14996
12852
10796
16204
5646
11515
13310
657
15914
10401
15915
715
9643
15852
12002
12380
8912
12386
11906
13249
3104
4725
6890
16235
12869
9422
4010
9094
4011
15881
7472
14596
14492
3939
9008
14311
9584
4138
11237
10241
9671
3667
5253
9771
4381
4720
5389
377
13631
1390
12282
9682
10495
4493
622
1000
9687
4344
13490
10422
8353
6199
14432
7849
13670
12644
5956
1225
5267
3882
10808
9404
15118
4664
13070
3987
14435
1066
8706
3439
1442
9712
5953
4828
9715
13723
63
9321
14344
1063
13664
11449
11484
5632
1263
9531
13480
14933
5790
3051
16157
11056
9733
6932
10580
4075
5666
15244
760
9652
13294
1826
1973
348
3267
9746
7925
5175
606
7988
9751
14495
14949
9050
11774
10014
4149
9758
1021
11276
9761
9762
9763
9764
13679
14500
9824
3085
1166
9596
14140
8098
3792
1831
13763
9776
2651
2590
7030
15944
9781
4415
9783
9002
16291
7682
543
5081
8287
8530
3192
6851
1195
14965
480
5343
15986
11756
2637
9800
14101
5195
9803
5721
15267
14791
3477
6980
2198
5307
4358
4848
7896
11387
4407
12311
4004
4313
3608
4546
9393
9822
11894
13075
12584
2360
14269
11165
2840
3227
10766
14595
5864
8482
9835
3405
11584
7364
1811
15060
14343
4008
3982
2316
9845
8855
11878
13702
13261
7804
1322
1189
11411
5867
10582
6920
2558
6781
9279
442
1561
12118
3669
12326
10328
9532
4424
13733
4731
9870
11787
9872
15543
3407
9746
3167
7388
12061
12021
2881
9379
8898
10684
9884
10700
10086
5710
9888
182
4283
12629
2739
11064
5524
3181
12624
1257
6849
8566
9900
11585
16380
9903
12989
8933
4726
8391
8091
8132
1752
11257
15520
13813
6894
2016
6807
15791
12700
1122
9492
9921
2025
1303
13775
14654
4042
9927
8454
3793
7222
4693
5049
14070
9934
13258
249
14065
9862
9181
2406
1869
888
10538
3620
9945
12144
9673
1048
2653
11688
7854
2059
8003
8975
11551
10028
10278
8941
8297
14319
9961
1010
12089
5156
9965
5702
753
2841
2576
1002
521
12437
10182
2926
14305
11069
13463
1541
6829
6751
2588
9481
2055
10442
11540
10057
3032
6706
3700
13309
15646
11996
9993
11243
271
7700
14
5972
8453
2854
8547
10002
9454
3374
4600
3251
6300
2520
14320
3378
4060
4764
10129
6648
14244
12183
705
9399
5855
3736
16104
9555
661
15365
5166
11903
15635
12866
11917
5223
4934
14770
13769
10034
14387
1760
1984
1253
8059
4504
15572
11436
10043
8563
3951
5180
15210
1811
978
15914
11209
6833
3266
10929
3
3926
9909
5168
15828
9160
1649
10062
11360
14382
6582
9746
11766
4584
11505
13750
5837
3179
1869
5024
14614
10431
8975
3410
9257
10785
4387
10082
8786
5609
10085
11219
12051
153
11221
15976
10062
5
15420
2837
1653
10395
834
8235
10099
3756
12599
12818
15260
9964
2270
2054
11832
10108
7294
284
5879
16268
3693
15135
10668
8079
7536
16276
2914
3203
45
14134
2794
10106
10125
14138
1829
12942
15791
12224
13775
7641
15979
9989
10135
4074
14855
3569
6344
524
15400
13637
10143
10144
807
4894
13520
4499
3644
7803
12578
11180
7694
15491
14382
7738
13240
791
1459
10994
2620
14400
10400
14843
11790
10166
1656
14437
5395
5729
12907
8963
12072
13431
7978
10176
9324
14237
12872
6459
2352
131
10183
14261
14929
11310
5571
10188
14035
9307
13308
10890
10098
14767
5499
12717
12782
15898
11175
8188
1169
9227
13582
10204
6898
5750
6160
2585
2796
14137
11909
648
10624
10214
1983
2999
10755
16244
1543
5680
5430
15577
14987
2353
10083
8700
735
10228
15581
5032
13517
15095
16206
5320
10235
16263
9048
2517
6776
14797
8676
9361
1208
6428
4885
1856
668
6867
4854
11422
6726
6397
10253
717
12155
5589
15703
14508
15671
8018
15242
14868
13049
12374
13578
12870
1309
10268
10269
13456
5534
10272
3825
3848
3946
10276
12500
13208
5154
2544
1708
7009
3211
8574
11862
14632
15300
1874
15348
11070
7463
14667
9193
10294
6749
6300
8051
5232
2965
4040
2425
15834
5349
10304
15881
4983
9173
10308
3344
8929
5289
10312
167
10314
14082
7832
1874
4706
11042
10447
183
9289
9362
2057
8252
4048
9519
6534
13240
16267
12834
4906
5115
15798
10335
8946
7539
15247
14294
7035
3846
7082
10378
12774
12370
10544
10471
3817
12417
15176
14858
6480
15358
7762
15841
1030
16014
3504
10548
6163
360
10362
10431
2612
5265
10366
15545
2025
14210
6699
888
10372
12119
13734
4733
2817
7727
1122
15186
1887
11592
2619
14303
10384
10383
1092
4398
9356
8854
3855
10386
8483
7358
10394
4549
14645
7717
14979
10399
873
12982
14139
2897
10807
4454
3784
10407
6542
1803
8516
9358
9529
9637
8159
11415
10416
4844
10418
10777
9334
15226
11869
13731
8198
4338
1201
2199
10428
12820
8559
10431
6747
11080
16275
5342
11952
12872
3096
14849
7295
7549
2248
13836
9351
10764
6809
2496
4016
14967
13910
8860
10452
9360
6859
7701
4844
10457
4206
15898
9181
5406
1712
5616
13964
8459
311
13855
13800
12263
10342
511
10727
1252
8060
12974
15087
1026
10478
7353
5511
3521
10482
11369
4094
1047
10486
3844
13453
7905
10490
11544
10492
1912
12110
11058
11092
1132
12769
323
15095
4843
633
12565
2258
12895
6523
10507
2769
7237
7774
10828
3827
6477
11853
11179
11987
15374
10518
6163
16080
36
10006
13148
7940
5166
15059
3666
16223
9766
4797
12607
10088
3507
1066
10535
10721
16072
3323
7231
6210
6091
14468
13983
534
1910
4075
12387
10548
13088
16062
10551
10552
11376
2867
15757
11411
12872
12521
2966
1653
11195
6631
1491
4577
11427
14098
14664
14934
15163
9000
14621
2101
16231
4446
8192
14314
2044
8725
16223
6119
4727
12926
5796
16102
15792
5168
11128
12280
1304
14094
13932
12499
4340
15423
10595
691
15767
13136
15354
14316
11914
7970
12552
14014
7816
613
5821
5745
2656
14546
5583
8774
2888
2124
14569
2606
1532
3353
13733
13811
4656
11442
11358
770
15782
10396
1460
15164
10629
10630
7147
430
13095
2676
8399
9262
306
10638
16214
9874
6126
5574
12529
4287
11156
4919
7175
13279
3103
10650
9780
14810
6455
7128
12236
11111
2186
7210
11880
1583
1221
13340
362
8368
13769
13456
11043
5783
6333
11348
5612
16206
1090
11185
12350
5376
5956
884
12550
10680
2850
10682
3987
5945
1276
10441
10687
13073
13511
5167
10691
15258
4336
663
456
5557
14002
817
13924
10700
11386
14272
8582
784
4220
3546
6395
4041
4635
1195
6
10010
7150
890
6176
9999
4876
10718
12120
11274
15316
8808
8401
4099
7681
12736
4761
8136
10729
1908
2378
8952
15831
13763
6839
8029
14546
11058
11574
4556
15098
16208
10743
5750
10745
15104
9833
12899
10749
15993
16008
6513
10753
4484
11744
1403
3415
4167
9803
7513
11848
6154
12273
3599
8062
10766
14650
12551
7508
12028
3005
15536
10189
14063
10725
14744
12776
10548
10779
4109
11495
3997
623
11103
3620
7136
15586
15363
8538
2617
10791
3146
1956
10129
14993
8109
10797
6018
2207
10800
16170
4283
14757
7294
10805
16311
1378
6445
10115
10810
15440
786
8475
11831
11333
12583
10817
6942
15329
13206
1660
2565
3957
862
1543
12494
10827
3478
10829
4688
14449
13606
3296
6173
10835
3239
5503
5959
7522
3875
13252
7448
5252
10844
10845
3312
1178
4307
10849
4097
9652
16138
15430
5851
6695
10856
14374
2672
8354
10860
554
6628
9215
2097
2737
12692
6784
801
9914
10080
6973
13152
10873
15582
12931
4289
3072
9798
11736
8324
13110
12914
10883
12630
822
6181
12383
16251
10889
12031
2693
14241
14702
11047
14794
4945
3877
506
7681
185
7290
8481
10098
985
15454
6865
10907
182
12000
11154
3253
5414
10913
10914
6505
11576
2139
3034
7822
2960
9215
3820
2827
4861
6513
683
3179
1175
15476
8123
5051
15982
15804
10934
10935
5235
6887
7900
15332
7871
6969
5813
10943
8052
2585
582
11304
10948
7998
7086
6496
10952
10136
10120
14317
13095
2950
1752
15921
7810
8264
219
10988
9438
15695
2727
14489
15292
2146
3339
5794
10045
2287
13664
10975
630
8099
5331
3214
8680
250
11211
15765
6745
10985
4962
9500
4677
1672
12449
6429
1209
3875
14692
1427
10996
14862
7746
737
1204
5850
16028
3349
9188
5437
13394
11474
2716
14023
3188
8046
852
11867
8296
12062
11248
15040
639
4363
3333
2310
428
9761
3518
4302
11026
8068
11028
4945
2779
15813
5681
3983
5278
5325
7331
14466
10761
4340
9555
13477
11042
11043
1978
12743
5138
2829
8225
13433
14890
3088
12089
15528
7451
15421
1454
7878
8797
4971
12179
11061
480
9915
14957
16293
15596
2555
5186
4536
9886
3267
15296
14225
12822
12388
16203
9180
11078
1142
2647
1020
14574
1153
4108
10278
296
11558
9314
1749
3051
1726
6720
15229
2206
250
13801
2114
15845
16356
11100
7299
3996
9857
10566
2908
7697
7003
15295
7515
16182
52
10162
817
14626
11314
11116
4924
8519
11609
97
1449
13358
3147
3174
3693
11126
1991
5379
3942
15792
7492
3403
15763
11134
14791
7398
9235
8972
10305
547
15974
9216
11143
8062
15771
9267
1839
203
7508
13152
5127
16027
8376
5223
1091
5349
8370
4264
9041
10360
9643
12983
9767
750
1
9145
15540
7398
1995
8127
1319
2542
7716
10534
10603
7102
3416
12441
7305
10924
9208
12431
11183
10566
11185
1199
1269
11656
6548
9638
15919
15588
3614
9177
11195
12186
11197
13380
9927
12186
6141
9082
11203
3200
8135
11206
825
4518
10676
8540
15051
4894
15642
2082
950
6562
13005
10157
2608
11220
7186
11356
3876
2457
1519
11226
13514
1992
722
743
11168
11232
12908
14122
4710
11236
8709
11238
3878
13792
11908
12013
14616
41
6304
6771
15091
11198
6028
789
11251
12147
12589
13793
5920
15196
4595
891
2688
7051
2409
16201
9042
11264
3130
559
3826
16037
11269
14680
8535
8362
2174
5942
3885
14186
4173
3926
4105
10944
2632
15302
11283
587
3420
11065
13176
11288
829
600
11987
5423
1490
11294
14674
12473
3898
14490
5131
7027
15048
8956
6680
13344
1106
15041
15517
7048
2541
13318
11220
6466
1038
5779
9098
16340
11317
6366
12517
11020
3157
13345
11619
15143
2383
13108
13433
11328
14856
621
11538
3602
7647
10202
12557
14326
7161
13662
12982
6293
4325
15523
3226
15545
5604
4263
4939
14701
4218
11304
10834
15237
11353
14460
7794
10471
11357
13219
11359
10177
7194
10267
8648
7814
5420
12249
15461
15621
8421
11370
13402
6397
5698
11374
11375
10000
12689
10023
11379
9138
15914
9183
14741
3793
14121
13058
8010
9041
11389
7507
6863
7116
15300
11394
949
3950
9092
8143
14216
1355
15956
3252
13603
15032
2488
5639
12050
8885
11337
5665
11411
5189
4975
14802
4719
14157
13158
8511
11893
9831
136
4549
953
6998
11665
16253
7947
15614
8960
16089
13446
10315
15660
313
7533
14308
2800
13172
11439
9973
11684
8124
15637
489
13098
14054
11447
5207
11449
10870
10827
13717
11453
6378
4274
13852
10927
5226
4466
6207
5094
12412
5436
14054
12116
2497
7984
11391
2809
15516
9314
11472
5609
12303
11475
2902
908
4042
2154
1396
755
16207
6602
11624
11485
10650
3934
1618
14923
1402
12544
3764
5867
11494
2366
8858
1894
7801
6527
14009
10298
14510
9015
13106
13641
1945
2330
9560
4846
11510
3238
13601
7000
4633
14356
11516
6822
11235
9595
1087
15168
11212
16009
185
7371
3389
6051
9736
12246
7944
1153
2388
5568
11450
513
14583
8171
14153
143
10501
7328
4988
13738
4545
11545
11987
1986
2516
2425
13220
12110
3511
12004
6938
3136
12188
14308
6524
1855
7660
2385
9798
8812
4772
15366
3877
11567
5284
13564
12047
3052
13706
11573
6163
10380
2309
11577
11578
3516
14924
14296
5502
1055
11584
336
2337
13164
3846
11589
14340
3717
6981
10144
11594
1641
13504
11998
9300
15888
5411
1727
4275
4392
5603
9558
1571
1265
12610
15276
7428
6605
1201
10943
5144
15496
60
6198
15831
2397
2977
11621
3292
352
6694
10273
10495
8334
7392
6108
1249
6896
11519
2975
11170
15910
8577
11637
4344
11639
1097
9841
569
16372
884
7173
1188
11647
11827
12316
299
11886
2129
16129
14282
5105
3037
14634
11798
13309
8744
3747
4316
11663
14852
4995
11211
9986
7969
5997
9511
161
10340
10607
10002
10908
10595
10885
1696
11782
6327
11681
14011
12081
1829
16139
11825
16110
4859
11689
14861
14359
273
11785
6719
4019
16101
5186
9014
10927
15171
598
539
8297
759
10878
2520
10760
5401
13114
5260
7096
11712
8511
11587
4722
4207
13415
4476
16032
13140
11721
9335
11723
14508
11115
9607
9909
1449
13625
9625
6634
6254
4167
5420
6852
4706
13716
7610
15583
16235
1985
4600
12964
7244
11695
5091
2446
33
9297
15860
4508
8944
12616
13842
7068
7346
7064
592
8794
4305
10216
15427
11763
10558
14382
4462
1025
2703
1793
8634
11771
1902
1644
10618
6501
14607
1478
1811
3313
3923
1843
12610
3399
6351
5169
11786
11787
16014
3808
12236
6975
10872
12827
15768
15176
6658
14810
9349
4656
2887
10374
7358
4679
2623
9259
6322
13241
15759
4545
14718
1186
11812
7857
2256
3028
4082
5654
9378
9251
5283
13186
11822
5102
12257
7673
11826
1545
11640
6464
8202
10065
15812
12857
12951
9801
3831
1246
12424
13089
7567
9280
12464
12111
11844
7613
13649
3584
9868
292
7665
15522
9670
531
4420
6471
5633
293
11858
14143
7177
11932
11862
4222
15378
5613
3649
11851
2179
13450
15681
3424
9489
12385
10991
2384
11876
8464
6717
9996
5728
10300
3479
6020
1581
2616
15689
2111
7036
11889
5775
7743
11892
7328
3533
14919
2875
7754
13913
8487
11402
11901
9379
10666
11904
8467
8675
14089
1571
4675
8695
11911
3954
13139
15412
13949
11916
2482
11918
9327
1044
8501
10907
3659
7805
13018
10694
13579
4376
1637
727
2911
4512
8480
439
12998
3498
9817
7279
11964
2107
4984
13535
6781
13678
1104
3535
12705
15053
6017
5648
16096
14517
170
3370
5938
13187
14064
3132
1179
15700
3859
4089
3827
12338
4527
441
15835
14343
7719
11415
65
12702
8565
6845
9996
9668
10380
6316
8336
12
11963
8047
14528
12133
11417
4081
8935
9096
7213
10113
8411
11071
14201
12238
7024
2343
12678
6475
301
4012
1505
365
330
10069
7210
12006
10325
3352
1205
256
11688
1216
12219
3350
15743
7967
14766
3440
517
7477
10652
12022
10630
15888
5338
8446
11741
12028
12361
10789
8034
2451
11089
12045
3955
11454
12374
14023
2279
12040
6314
991
3483
6570
12678
4698
2404
16027
4056
10370
14409
7495
10886
5501
12055
1762
5131
5004
7099
13577
360
3076
7981
8393
5526
12066
2685
4054
9481
14138
43
7119
32
6357
8109
3514
12926
4402
8211
15329
4045
12267
9314
12084
12085
2069
3377
3815
7569
5139
12091
8946
12573
12237
6138
12932
12097
15312
14118
4941
4454
418
8994
13934
12105
14556
9036
4668
12109
14587
15392
12777
1717
11933
794
12116
9927
10877
4838
12120
5809
3806
6906
9186
7621
14475
14324
182
10663
12130
10176
12132
6319
7210
9104
4052
12150
13557
4469
4759
11106
2640
13795
15773
843
12802
12165
2559
8351
12959
12151
12485
12153
2843
1412
1910
6649
8318
11095
14269
12161
6408
9034
14450
686
12166
2825
4384
7895
11928
8435
3661
9100
12903
8419
3821
15543
5829
3210
1
2247
15374
2559
10597
11948
15043
13439
13360
568
3703
5293
11662
1587
11700
4311
16036
12197
12385
7136
4035
3895
12202
2679
12469
7555
11779
8988
12208
15974
15599
8146
5418
2424
8146
7664
1414
10704
1876
13361
9362
15315
10336
12223
9930
2633
12226
15628
5207
4220
10943
9518
3871
6943
269
7906
10838
2947
3990
2008
14725
12977
1597
13940
4738
12245
7015
16363
12883
14678
1392
7202
170
14753
180
15484
8704
10109
1732
7948
15315
5951
12262
2506
8448
9822
9449
8716
1343
3902
11663
5332
5909
10003
1925
12275
7506
7558
6662
14520
7537
3161
12813
8928
10362
12285
12982
7296
10541
12081
16000
4265
13813
7563
3196
3379
10068
12297
11643
12299
13200
3132
12302
3975
14542
7033
15637
3490
12942
9255
5414
4063
429
12313
12075
12315
2198
7965
15235
15010
508
12321
9213
11608
7804
3369
7304
12327
7419
12329
7634
4732
14981
10829
8111
8664
6087
12337
12338
4926
11796
10061
3084
2444
9313
6573
15385
2184
11986
3063
2612
7676
5260
10576
6527
12355
3886
11083
15739
15493
2502
2723
6412
9920
10356
11144
12366
8516
4800
2870
796
10887
7795
12591
4563
12375
10878
15034
13876
1066
14035
16059
13051
713
2286
12385
4343
5973
12861
10869
9858
7559
10223
8966
10061
12945
15377
3596
6917
10136
12112
11716
13005
12907
6218
4416
9113
10781
15293
7762
8272
16359
5412
7946
13025
6125
10231
983
12097
6707
11851
5570
14265
5689
14535
7941
2250
13527
11537
9166
7279
7264
4497
3899
3786
10715
8314
12898
5111
7223
12440
4275
13382
7197
9687
4943
3837
15811
12448
12449
15173
4820
11523
5495
286
708
12456
3375
5975
15242
11316
12461
8224
12384
6468
1005
3278
12467
13731
5501
7177
1132
16215
15490
14029
4941
6328
12477
1919
1938
13524
11605
6880
977
11031
5668
5796
6169
11162
6081
12490
6876
14537
12055
5733
9468
3894
1733
15935
4898
5010
13281
12502
10399
12186
14412
10229
11292
12056
15170
1235
13974
723
14759
9195
7603
15735
3841
13270
12519
5146
10010
8048
11226
501
6200
6897
6234
15667
10790
7966
15217
15688
12975
12113
9702
8777
10140
3546
3684
5811
2331
4918
3400
3054
3292
12594
10656
2642
12549
51
12551
7541
7787
10060
15588
2629
10560
5403
9525
409
12561
4685
3930
8374
3517
3233
4965
15629
12934
13741
9384
96
1040
15194
2426
5957
2210
5479
12579
9249
14803
16134
11890
14853
7291
3293
8528
12588
6494
12590
5921
2704
11897
15445
3112
197
2990
11486
3714
6223
66
2958
2772
13806
12605
12342
2867
14845
11151
5293
4417
13360
10771
13665
11779
10521
9171
10247
1427
12463
2391
7920
1999
5094
12625
3432
1059
8205
3629
12630
4048
3306
12633
7342
10270
3371
10299
13042
792
6256
15908
15636
1023
4816
3669
14382
12647
15587
949
9776
9723
10119
3639
11149
6197
6029
2684
8195
11122
6116
9253
2942
12663
9744
13301
6248
701
7186
9618
10999
3843
10410
871
3367
9661
1893
8182
13329
16274
7384
14278
9666
722
8012
12685
13304
11870
14209
2948
14554
12691
6019
14069
4285
15272
626
14028
12188
6873
14728
2989
107
12703
9342
6832
10516
10212
10198
3792
12710
12104
12712
1995
737
11994
9379
15014
5275
10100
6641
2194
5586
4465
5141
3755
10484
2825
8039
9371
3450
12731
5682
5174
10323
4025
8162
10429
13366
14993
12740
4560
7194
8806
8351
2913
10801
9087
14906
3795
7716
3796
13894
14357
5989
3095
2437
11129
6849
12920
13953
14887
5906
1019
4184
11079
11341
8208
2857
5385
5190
1465
9944
12383
10271
1910
15295
4687
10997
13817
8481
2328
1228
5990
300
7217
12786
9085
2737
1961
12790
15933
15656
15914
14436
5178
548
2235
16256
12799
11888
12801
10443
2728
888
15632
4193
10831
11630
14463
12740
10540
2765
7352
7972
11245
9680
9200
850
9979
32
9934
12715
1992
9483
11987
12826
1521
7534
780
2068
9768
651
13955
3826
3379
14842
3073
12838
7571
9288
14702
5649
5644
8858
8413
12995
445
3273
12849
6290
9644
4122
16269
9675
14056
12599
11667
7154
8201
13187
14687
12862
8980
12864
15255
8070
9631
12825
12869
11896
13009
11283
14968
4195
4186
13286
9843
9829
5759
1871
6440
6203
5143
12729
15847
9264
12613
9137
6935
8828
4419
14088
644
1222
12390
9624
92
4076
2870
12916
15971
15878
12903
7814
14554
3688
12000
11455
13530
5444
829
15400
11883
7032
4158
8228
6494
13421
4456
15630
3972
13283
3665
1675
13927
4886
12927
14065
7166
4977
1756
10035
1508
1342
9528
9322
15895
13215
4937
10966
10360
10380
11794
9375
5879
2441
13532
14106
8934
10568
2177
8180
14539
15460
11844
16214
13002
345
13894
3783
5321
15649
13817
6828
606
12966
6960
16149
116
3790
4701
11081
14149
15081
6491
7139
4575
12978
8931
12980
4286
2296
1481
14853
4472
9660
13008
3547
5119
12837
164
5463
10346
3946
10783
9610
1378
1226
10215
8337
13001
991
10330
12126
5691
5027
9890
4387
11517
644
8961
4063
13013
4929
11256
5543
3398
15728
15202
21
2890
3936
12857
3054
9398
6818
6999
3796
43
8377
5022
10257
329
6012
4202
12455
11702
9228
5960
16089
4360
6604
13043
8665
8423
11532
3537
13965
14929
2880
12783
14949
5769
334
11421
8822
9732
1854
15821
13527
1896
7813
2164
13064
12152
8141
8175
16354
4211
3493
13071
9197
10171
13074
3197
13557
390
11861
5595
11921
15397
3175
10466
1892
15957
9030
7661
16291
4067
98
9638
5920
15918
6780
7816
7346
13097
8944
3583
15487
734
3552
3313
4226
12749
13483
7422
9921
13872
2899
15515
9409
1911
2305
3490
3803
1878
12519
11463
1784
13121
201
11560
11421
6121
11094
1816
13936
2055
10759
13131
1134
1157
11493
4686
4470
15718
1050
1568
6756
10970
15440
9654
10100
8464
11564
12404
13148
11953
15366
14281
8087
10444
16064
8288
5620
13157
11100
14408
329
12916
11959
2383
7290
13092
3540
2398
1393
8009
1732
2442
9576
8487
13411
8631
1756
7126
13178
710
13319
3146
12662
12301
1042
4365
6360
722
12652
11979
13190
11821
10675
12307
8352
6249
14690
15642
2956
13199
1845
1655
4349
9853
13204
3386
6790
3044
11872
3817
11675
13627
10942
12384
10562
14087
8662
6478
15129
13026
12837
15850
9293
8432
11286
3583
4354
3254
9831
2659
2511
12786
4503
4165
750
14355
7551
7540
1015
3038
11356
12689
281
13243
5913
8688
10842
3616
13248
965
935
2360
13990
13771
1825
6898
5818
13110
10480
13259
10172
16363
3926
12830
2489
328
949
6654
13268
1077
15303
14204
8616
16317
857
3587
12621
1137
13278
9500
4925
11978
13115
5889
12912
15474
3495
10299
914
10392
16116
14023
4488
9903
14002
13295
8413
6349
106
8740
7297
13301
6759
9817
6215
4578
2048
6148
5435
5635
2384
6571
15134
7308
2165
11864
13197
15076
10953
307
8990
11866
10698
8722
9504
15185
2240
7121
7214
8588
7227
13331
13332
15953
15884
13985
9385
5715
2179
13339
11433
11862
7613
683
14245
14183
15816
5169
16347
11295
1981
15039
5863
2287
7644
1344
12984
16365
10847
11785
2221
1584
2614
13363
10808
8810
2182
10308
6410
11567
13370
16022
8588
6615
13374
11499
16200
7297
9359
13999
6728
14527
13961
1638
123
12615
7500
2409
3875
8843
15393
3855
13392
3305
10793
6075
4888
13406
499
13697
13400
15587
10806
3723
10769
10443
13406
12310
999
5557
12126
8295
14915
9740
15022
13058
13416
7316
275
13180
3547
13421
7774
15589
7421
232
14597
11275
3537
9005
966
8424
6026
1464
5737
5228
12269
9459
15997
6327
5384
611
11883
1125
8906
10413
10864
7543
7086
1796
7818
3882
5342
15591
13454
3086
12762
15823
1298
7652
2975
10302
8617
11398
16327
10080
750
5170
5964
10208
4782
12290
13472
15592
5393
7788
332
14298
1817
11196
5456
8902
12991
13273
12783
1948
12480
15868
14709
11918
13490
781
5976
14892
11082
14593
9905
11024
8288
10655
16194
14252
4478
4591
13504
10157
13506
3685
9983
1561
4017
7896
13512
3377
15212
13352
12278
13517
13518
11818
10240
8677
13765
6335
8160
12089
13526
1868
8941
1680
375
3638
16272
10280
14662
13535
8176
4550
13538
14471
6043
9027
2677
16199
12712
12660
1375
344
4171
4751
15555
1138
645
10988
11378
9321
8368
13557
1328
1096
4072
3196
10036
5751
3570
13674
5639
13567
13849
11951
13814
2014
13572
10037
3472
11041
12713
13577
3286
7368
8988
4661
7711
13159
9411
13585
13586
6881
14296
10055
1484
9289
2991
9851
10617
4087
13922
13812
14122
3288
997
11411
8926
14846
6977
6355
13606
475
629
9826
11515
13342
13112
2498
5945
13615
1388
13617
10208
2719
10798
704
13622
631
4469
2187
13626
9919
7459
12037
4151
11545
9574
1578
9283
12862
2575
4309
5403
1036
11286
11758
1510
11914
5199
13025
8871
1926
15522
14816
3313
9346
1150
14111
10049
1780
2195
12236
11699
9653
13660
7888
13662
15849
4814
13665
1078
1043
14096
13939
3617
2020
2957
4652
13674
13305
14714
6161
8835
3529
2801
1321
5454
13683
1939
16136
13686
8767
11284
902
6493
4948
13692
2681
13694
8687
799
14379
1955
8687
13844
6768
9764
14886
4479
7318
2118
6499
10274
6769
3419
8604
12929
12253
12132
15730
13574
1201
1284
13325
9967
12567
14226
75
1130
523
8761
1929
14901
10716
10615
12360
1099
3994
10861
5578
11311
12978
12076
13739
13740
5200
3362
15494
13803
16291
11363
13747
9550
15636
8552
10751
535
5492
4333
13101
3334
13757
13758
4408
14230
3856
13168
13763
16158
2372
13766
7499
10388
13769
13770
14732
8598
14381
9208
14175
9307
5802
9866
14507
9163
8975
11925
9069
3953
5091
8320
12504
15841
8854
1612
3789
5570
4945
8196
3416
8800
4980
13798
3189
11171
12478
13802
13577
9518
4691
11573
2342
2481
4496
8143
12346
2618
921
4937
13815
14542
9990
8889
3248
13820
1925
5009
2704
10779
6620
6493
13827
16348
11564
13830
14688
13832
13833
3379
3979
3283
6568
13838
15149
15761
3760
8283
4067
15332
10624
6548
13847
3443
2382
2509
13851
6060
3302
7445
4218
13856
13291
16334
7465
15216
4958
10169
9610
11577
277
13866
9573
6756
14964
12952
10734
1863
3135
9498
1239
6894
1396
5305
5841
12019
13881
11852
13883
9284
14400
14361
15343
1318
5421
3176
14608
5370
13893
13894
10641
13439
10327
4425
6664
5519
4701
16237
12274
3280
12804
6623
5142
13908
15938
13910
16121
6380
6447
1132
11685
12287
13151
7152
5186
11166
5128
4145
12483
10549
7320
10707
15918
1576
7761
9861
6000
14425
15379
10700
14277
11269
13980
10696
1507
2737
10249
1243
9117
311
2375
4417
12597
15525
11568
1399
10306
312
5543
6405
13955
10860
12862
727
10393
14438
8487
3869
4053
6527
2864
14753
13967
4419
13969
14132
12348
13972
15114
15638
15084
8978
13977
497
7816
9288
2871
12232
13983
5501
2011
13986
7416
6899
12316
7727
12441
2336
2202
8918
3062
13996
12594
6971
13999
14000
11549
79
11024
1691
2942
9392
6110
689
5355
4839
14011
14012
16326
4054
13817
438
11870
6720
3308
7717
12220
5318
15132
14024
2734
1250
6474
15174
3585
8675
7708
6647
4885
14678
1811
4963
9317
3501
7904
2324
9610
8592
7678
14449
8533
11732
11881
8971
7217
2216
12278
14933
14436
1212
13681
785
14057
2461
3770
15959
14061
6045
12445
7282
12691
945
5575
14501
14069
5907
14892
14072
1618
13810
831
11227
6017
8509
9291
14549
14081
3856
4787
7135
11072
14086
7003
3029
9620
5054
4240
6916
5838
6700
10686
5412
12744
6746
12693
9051
14101
7690
1884
7167
13596
391
8784
11021
1221
3627
653
9729
12917
15201
13584
1320
5952
8271
8322
8980
1507
14122
14123
13375
13219
8422
2828
3534
2723
8240
16277
9468
14133
4548
8943
773
6431
16110
14368
6821
8509
9004
8042
12135
9656
1386
8668
8473
14970
9987
14424
6856
1924
7019
8362
15298
14157
3853
400
14160
1741
7386
3122
9980
7278
14166
12590
14528
16221
13362
4574
15946
11346
11395
8070
3965
3052
3821
13621
4437
12488
5709
3022
6090
3748
9878
8013
10766
1855
6926
14618
14192
2254
8666
5619
5376
2262
12896
1581
405
12732
14942
4978
12293
9903
14206
16372
3979
13868
14210
3039
14212
7799
11104
14215
7476
14217
3902
428
10497
9991
4175
3990
1619
14940
5845
8544
13173
8098
825
2407
13473
3086
15302
15053
3490
11650
13611
8468
7558
7129
8455
11536
4612
14245
11494
14247
2950
15715
2585
6851
16142
13081
457
3932
687
2075
2487
6531
14260
10618
15659
14628
11443
1681
11717
14528
599
10385
1634
12248
7611
10101
14274
3421
14740
2171
14957
2967
14280
13664
14282
1522
2298
16248
8373
2055
12945
8829
5987
14291
13631
10904
8473
3777
5137
7748
2020
195
9428
13736
14723
14303
14304
10026
7737
16356
14308
5889
15347
10072
9310
14313
13702
14315
12242
7882
285
9522
9403
2582
9385
1391
4636
5945
10220
10622
3191
4739
2711
6967
9875
10458
8987
10070
3501
6338
8408
13527
14074
8379
3031
13037
2066
12340
10354
14307
14348
3837
10638
7444
13240
13219
445
14630
1471
6389
8465
12092
14360
9580
13203
14802
162
6694
8875
9148
379
12376
15486
8786
9518
14373
13175
780
14376
12548
9827
2845
8504
3797
767
12340
14434
8211
14386
9195
11269
8655
7441
12739
15043
15905
8446
8238
12724
6864
8400
3033
15738
1163
3411
11729
264
12196
4862
14407
14408
14409
14410
13439
12975
1026
14414
6881
15819
9529
10677
201
5484
8727
8411
14679
3611
681
5735
16349
15724
5255
8410
7577
14432
1594
15273
15976
4626
14627
14438
755
8036
9971
1018
3847
14444
14833
14446
14456
437
15858
14450
4953
16255
9002
15629
14455
72
14485
7971
8482
12779
11581
9163
2129
11545
8502
7384
3571
16078
8977
2459
14471
15670
13603
14474
14475
14476
701
40
5254
10672
1057
9101
9120
15513
9537
8593
4081
9408
1210
3325
9479
15694
11296
1576
12089
6492
10738
14217
1653
2855
5216
5223
2549
14193
7681
1834
11411
8382
1873
280
2669
14512
2929
9380
11788
14516
2057
2533
3996
6137
11940
5205
9462
5034
14525
4514
4373
6609
218
10864
963
14435
12516
3817
3266
1354
6365
1074
9035
8198
14541
14542
12484
14544
1032
10070
12764
3700
12999
5759
15487
15055
8291
3098
4808
3846
14557
8302
14269
8879
14561
12815
2257
15488
13033
13120
66
14568
11083
9252
3882
14348
10605
10247
15422
3255
2060
14578
11521
4286
14581
12130
7900
7985
8744
13659
7087
7414
5565
10184
12221
9411
2101
14594
10105
1905
14916
12361
1008
11564
9097
1073
6262
1964
4955
4225
12568
14608
15201
14610
14611
14612
14613
14614
14615
14616
3262
15823
876
14783
3724
13005
6298
11709
5364
3572
2411
12778
9137
12595
8614
14632
2163
14634
14635
14695
2335
4067
13226
14695
5075
14642
8405
7407
6147
14666
9370
11101
2507
5554
9917
5768
14653
4992
10793
4166
8715
7413
10464
4039
14661
12777
14035
14664
6450
9170
6787
2660
14669
1399
8949
970
3733
13016
14196
2044
1706
6216
9450
7852
14681
14682
4498
2436
2569
7004
7989
12485
12771
12980
14691
6893
553
5310
14306
14696
11016
9349
10698
8666
15798
3483
15453
2073
4881
8017
3042
8614
4648
853
10657
14712
6353
7069
3722
14205
11566
6157
389
2185
14145
12873
14955
10740
3382
15507
16050
1303
14729
10138
14731
9014
12000
2420
8427
15482
1488
10499
3978
9504
13540
12591
14152
14393
6863
4120
5077
10585
1940
258
357
2328
2442
14502
15201
1012
8857
2198
135
8522
3500
14762
10272
1151
15499
12691
9577
14596
14178
3691
2189
7298
847
14780
5065
15239
5258
9184
3931
15842
14781
11124
4188
16199
13451
6629
14316
12267
7640
14790
6788
14464
7774
15310
1579
1662
14797
76
693
14352
9653
15288
12146
13343
1093
3059
14189
15872
8123
13043
4745
922
589
4203
12045
4776
14817
14818
4017
9112
11404
1948
4994
2660
8735
3074
10433
7660
4652
12094
7736
5345
14833
10062
1004
14836
4248
5823
14346
14840
5340
8881
12151
4827
619
8809
9572
1540
9398
13774
13585
14173
1406
6312
9193
3353
11305
11852
12087
14378
5900
3363
2646
1610
11098
7990
11671
12101
12237
1109
10062
1193
9989
14874
5828
6019
10607
14878
14879
14637
15590
12146
7650
12979
9346
5438
14384
15657
14630
1352
10578
10097
13439
8571
15997
417
11216
1222
11514
2821
14901
12892
7230
15058
14000
907
16250
7604
6735
5884
1826
14912
4987
14914
14915
5090
13971
14918
12636
1684
14921
6933
1689
16068
6205
16319
1035
398
10031
14473
8969
9643
14889
3800
10864
10018
6621
7371
863
5294
4986
1770
5159
12589
8504
11042
14414
13490
16131
12001
9741
1431
2549
11429
1114
8753
11363
2148
9151
5010
237
1735
14652
15125
5534
9132
8759
12154
118
9621
1063
5104
11390
6221
1308
3509
879
15722
614
625
11338
10354
14983
2055
13886
5399
3168
14988
6254
377
14991
5316
15404
5386
5552
754
3654
14998
4292
6288
12785
13050
2057
12902
6287
3120
15007
1621
1292
9340
15011
2929
15013
4801
10218
2266
5414
10843
13603
15768
12897
11104
4782
16065
973
5158
4996
15028
16377
10544
10547
746
14197
14838
15035
7033
10597
11504
9090
7114
1406
12209
8735
15044
15045
2697
5164
11663
7497
15382
15051
15052
13928
12911
9840
11146
12294
15058
15059
6352
5865
15062
691
6032
6837
15066
5848
11027
6829
7
5189
7575
14203
3643
14607
8415
15146
7312
15529
167
3136
7879
2863
8300
3157
10360
7297
700
6886
15090
752
11845
2795
7103
1325
3485
13135
8161
9332
7777
14990
9339
12966
15104
6180
7157
224
15108
4402
15572
15111
15369
11714
14716
15535
14849
6210
2013
6764
9366
12372
14060
10065
2873
14811
5525
5667
5530
6849
9151
2280
15132
15009
2099
10056
13614
11437
6637
3409
2209
6860
7811
1396
5844
3140
16111
4994
1604
15149
5936
7007
8368
15301
2994
6043
8981
5867
4470
14505
11533
9999
4969
4300
12278
3594
6398
5949
823
1450
12586
4232
3658
3061
12042
5054
8905
15181
4780
13898
400
10716
4520
8767
9632
7514
14810
2229
13380
2895
349
8528
12893
5318
12827
15195
15196
8786
8911
2840
14734
9733
4289
10935
13964
7947
13996
9621
13000
6516
8417
1395
4029
8817
15214
12110
8549
1199
15218
15219
15220
5358
16062
16008
7586
15225
13057
2518
7934
5200
15410
13251
1643
7811
5777
4482
6161
15510
8771
711
13089
333
14706
6326
13332
15245
4837
14742
14726
8866
7174
10452
1030
8373
15809
707
7996
7010
13763
10514
14943
2578
9539
11810
4220
966
1202
8702
7126
327
1088
7836
13416
1420
6158
3357
14751
10994
1714
15279
13092
3475
8888
7159
4504
876
6583
5210
15288
8871
13592
2588
3000
12151
5166
12539
15296
7576
9385
13504
8777
1702
15302
4245
9104
2789
12080
15307
6135
4208
1853
9491
2574
12847
11204
15666
16321
3707
6440
4441
15320
4582
13023
9650
13453
10230
12238
68
15328
5996
1019
15331
12606
13571
10403
9725
5964
12105
13969
15067
14893
9665
4817
2717
11517
14307
5290
15347
7979
9126
4571
7916
12833
11011
12356
1030
7649
5621
14482
1494
1474
14550
7490
2492
15364
10771
4676
12895
4112
10639
8615
1696
9321
7123
11360
14137
9839
6493
12059
15129
14471
4801
3315
6002
1249
14325
15386
1973
2278
5589
15390
7594
376
7083
15394
9067
14925
14572
11559
9311
2863
8069
13422
13502
299
15405
15118
6438
7421
10093
4191
876
201
16249
16004
14672
4665
2934
4289
5913
875
6262
8191
6463
13855
8566
13545
6537
15428
7106
11732
1711
32
14595
9779
13454
15436
11712
10077
12187
1765
1114
5895
5955
1989
6096
15446
5820
1608
4383
10484
4541
8671
13
5415
14932
8203
11878
12402
384
9038
2555
7489
4386
4265
7520
2596
14044
4589
14307
7736
391
16071
8849
6286
5642
10837
12381
11461
12444
379
5560
601
9049
5572
6015
7597
15487
13774
1508
3614
14157
10546
6168
5261
14931
10433
12781
1142
8092
985
15501
15448
15827
1376
15134
8292
7661
4391
2744
3657
15851
15188
4035
5027
15788
13083
10598
15518
5418
4295
7988
6926
7909
5760
15525
1087
14076
11021
16017
8124
15531
7417
774
16215
8401
16221
15658
9776
14970
15540
7565
1052
2977
10308
4708
15546
2443
9111
8742
7469
8514
5441
1683
13932
9735
9670
4473
1259
15429
5559
15335
10065
5191
7074
1097
5964
6905
9498
5800
6178
2889
4385
13742
3941
7361
7665
8648
9804
15579
392
1006
888
8905
6446
2570
6452
16180
12239
10924
15590
1055
11284
98
5
4964
5288
7078
6061
11251
13982
15558
666
3775
2062
5051
1132
15607
6002
12411
8797
14650
5830
9188
15655
6718
15616
15617
1708
5716
9287
8160
5511
5142
2699
6565
41
2797
6569
5004
8084
13647
11064
15633
2951
11244
10237
3616
15019
12299
8666
15641
16150
1916
4693
8562
181
10522
1365
15835
855
3073
15652
5166
10142
11232
10677
15283
13930
857
15323
342
7426
15663
3942
8426
4688
15006
11376
15931
8858
14991
14565
4772
7273
14331
6688
11965
6508
6868
6102
7873
6319
6957
10945
11484
714
5792
15688
5776
15996
3337
6633
14934
15694
3679
14058
2491
12104
2361
1112
7095
1907
15703
9970
5701
88
14741
12973
14418
5044
8553
4541
11912
14655
12413
1846
5227
6973
13329
5940
12764
2721
5551
16101
9353
4100
3395
7026
6590
15498
9386
7702
6208
15734
11292
1287
15737
11908
11379
15740
16027
8497
9412
4687
665
13953
214
15319
9981
2059
4161
570
15387
10100
13333
1723
15650
13049
11075
3365
59
1716
9955
15556
11101
1272
5379
6009
2558
903
1003
2200
9399
10415
6886
10063
7983
7099
15779
8998
1579
9157
13158
2148
8160
6874
15787
15481
9882
6139
12145
4573
9504
12204
6288
3074
11375
15798
1005
15800
4345
15802
15803
370
7013
6902
1272
8015
9101
15810
10670
2045
15813
15987
4348
10027
6701
13345
11606
15858
10119
13753
7633
608
12849
1130
6746
8610
5702
16249
4429
11990
2938
15803
12994
7282
15837
16172
3622
15840
14183
1059
11636
6900
11728
13681
6502
16076
7323
13202
13036
2544
12675
6770
16297
3923
7377
12761
15859
5053
14123
4986
10754
13987
15865
15866
9414
6359
541
8833
2968
7822
8620
6589
5621
9679
1841
12520
5022
15521
2637
4713
6459
15838
1365
15886
9003
12129
8134
8915
15891
16051
15511
5291
4719
13249
10277
15473
10851
3306
5447
11391
12138
8415
2829
4374
15003
8449
14052
459
4584
15912
2689
15979
7220
7402
6054
6673
8766
15056
2417
515
7586
2084
16025
12876
6802
12889
6768
5890
7356
10074
11337
2362
15935
5827
3367
5190
10200
1985
15941
13638
7867
2444
1837
10556
2038
9056
1573
8091
15729
10338
6762
1761
10852
14347
3844
15958
10493
10839
10646
6997
1222
151
14352
11295
11487
330
738
14853
5519
10937
454
15974
2773
2420
15977
2897
4609
12975
4934
13665
14547
13025
13009
8500
3402
14769
2967
1365
2229
13459
15993
12203
12874
4072
15997
13424
15999
13024
2039
16002
8335
8127
2368
9072
6595
7887
3624
7048
10659
6043
9944
15267
2633
14878
16017
16018
12547
795
11518
9171
9294
14919
7556
12261
16283
9784
9335
12101
6273
13406
9141
2912
15445
1091
11038
1428
10162
16040
1249
9314
13785
8296
3588
3444
1856
2471
6076
349
15017
6871
11866
7804
16164
16056
10400
15359
12040
10299
8758
4991
6015
15030
16065
2012
15155
1557
1072
16245
12595
2500
16073
10022
13843
11813
7423
5754
15401
16080
10866
7609
1487
557
7957
119
7427
16088
3438
7922
7207
13838
6896
2862
7752
15653
7852
13766
14298
9864
12537
15855
10935
12397
12065
13434
6035
9523
8863
13457
15276
7879
7938
6501
9365
8494
14457
9483
15921
1511
1021
6743
15348
7916
9604
16126
6715
7185
1072
4096
5098
10935
248
4568
5485
12645
248
2535
16139
2295
9770
11397
15751
8662
16145
2891
7304
15162
12255
15797
13234
16152
5353
15333
14744
6373
16157
5691
13707
14289
15295
4037
5089
16366
8133
16166
10186
10916
8380
14754
16
4640
15001
2550
6934
8387
13946
6300
664
452
13603
15825
16183
12706
13016
12674
1675
16188
11964
11034
8047
1271
8356
5951
181
12393
11039
162
16199
4141
4841
11077
12520
3210
11092
776
1826
13642
7709
10212
11203
14009
10875
11655
11227
10315
7976
7858
16219
6605
9650
3438
1254
16224
16225
1313
4708
9609
7263
4888
5617
1918
5049
9757
6758
16125
16237
5893
9967
10832
6668
11792
8089
14376
5620
2908
12000
110
14562
6843
10425
6153
14700
645
15803
1753
1898
731
6460
11506
7993
11347
739
16264
16265
9910
11
10495
283
16135
3
10249
10583
6670
5657
2287
4662
11276
5194
16280
277
11385
16283
16284
3371
7119
5425
16288
9524
5435
6069
8942
7187
7966
9672
13647
3088
1280
8609
3826
11190
8620
14320
16304
16305
11472
8370
16308
14323
5337
2568
4608
10993
4855
9269
5884
10048
9546
884
13419
280
6309
6558
5714
16325
12377
15499
16328
12901
16330
3959
8786
10163
7046
10065
2387
10871
4870
11006
8806
16342
2992
6744
5294
5559
11352
16286
10413
4236
5785
4077
13781
6668
1111
14061
12976
7668
16358
3390
8969
6782
16290
12927
15567
10068
3588
9247
12455
14458
14117
7076
6879
14074
10067
16375
13623
2983
15626
8590
2884
9654
12825
8668
13730
