66
47
171
2
226
192
60
199
42
180
51
59
85
32
169
16
17
154
201
11
46
22
30
68
170
184
135
227
220
133
242
5
89
178
70
36
136
92
72
105
27
42
131
47
69
54
97
127
138
128
39
35
72
50
80
101
57
58
117
250
28
251
220
247
127
206
251
68
215
70
127
65
94
218
136
198
244
10
244
56
63
84
182
200
211
86
221
234
26
14
57
126
130
50
154
124
14
144
99
250
219
139
208
89
203
46
107
50
109
82
111
243
37
91
231
93
153
58
18
96
121
13
238
73
125
38
251
129
164
124
179
61
247
192
204
240
154
86
192
242
32
237
35
113
223
71
203
197
149
163
99
255
181
194
155
11
162
10
48
157
139
162
211
24
61
15
15
252
219
170
254
149
48
189
134
80
169
168
192
136
238
139
76
145
237
74
69
175
84
230
184
192
132
130
66
86
154
126
101
168
121
63
165
13
110
98
146
189
10
57
125
145
213
39
7
221
183
243
38
251
161
122
224
89
253
98
154
82
251
230
24
182
162
144
244
70
157
238
98
167
46
30
177
103
154
65
141
160
29
67
147
67
61
51
255
188
