1155
2151
2548
1230
4094
6
1656
817
4035
10
3267
3212
2633
3872
2324
3893
168
3334
3951
1884
21
22
23
1856
3100
26
2729
28
3686
2652
4081
32
3982
34
35
3385
37
458
2792
40
1409
2068
3112
2563
45
46
47
48
123
1563
3792
120
3219
512
58
2389
3723
58
2690
2164
1951
2487
63
2331
1188
66
2341
118
3043
1344
2847
72
2633
3996
2831
76
77
2518
3284
80
3288
1213
596
1260
229
3158
1382
1791
2853
1501
913
92
3365
1558
3301
2991
151
1369
99
845
2637
3699
2032
881
3817
979
2225
2567
3611
2124
111
1301
113
2032
1311
492
3245
1907
119
1751
121
3473
968
3132
1167
3821
127
536
129
2080
3089
2093
1284
134
1983
136
2244
2652
2828
784
2255
763
1665
1975
1741
3889
445
148
1255
150
1916
152
1745
3287
3226
2236
2435
1036
3987
1811
2004
3022
163
2977
1728
3558
960
720
1554
2244
2702
172
3797
799
1433
485
3053
2196
2149
931
3936
182
1941
1375
1095
186
3856
3119
285
2985
1259
2719
4021
1149
433
1928
74
198
3409
3655
3631
273
203
204
278
206
207
1089
2516
2979
211
212
789
3314
215
316
1273
2271
2511
3421
3201
2350
1265
480
3444
226
1024
3598
3728
4009
760
2350
233
3933
235
1908
2782
1764
1982
2095
1322
1516
2367
1599
245
2604
247
786
481
3393
251
3
796
569
2273
3306
3990
1378
1560
1158
1857
907
263
2182
1358
539
2094
2118
2888
1930
4025
1574
3693
1910
3668
918
3426
1938
2516
1933
2723
2996
1229
2725
3792
1798
902
288
3001
1691
2279
464
2848
294
295
39
297
1371
933
1396
1909
302
3026
304
3513
700
859
308
3442
2273
455
312
1255
1844
1372
584
3781
3887
2517
2407
321
322
2787
3745
325
1036
2482
1446
329
1937
1386
332
3136
119
1850
1888
157
3220
2820
340
341
1552
1032
1750
345
969
1731
348
2608
314
351
352
353
4004
3063
1568
1751
338
2152
1436
129
572
363
3842
2915
220
781
1300
1666
2717
2685
372
705
374
2835
438
2592
2991
3657
380
1316
447
592
3065
1415
2323
1576
388
1728
2230
542
392
393
3295
3980
880
1350
1319
1008
1921
1065
3922
403
2141
405
1845
407
1125
3806
466
411
412
413
3809
414
3300
151
3006
419
2195
3807
225
423
2641
303
3289
4055
2625
429
768
1686
432
758
434
435
1310
884
641
2189
2234
441
442
1960
3196
445
58
447
448
3024
3021
2198
772
49
1907
1237
3857
2321
441
4007
460
461
1230
2635
464
3718
1454
1179
468
4020
470
646
1137
2548
474
475
1413
2822
3305
2722
3705
3945
814
1842
484
485
1808
487
4009
1900
490
491
735
2933
494
495
1
1507
2981
1908
2743
2742
132
3183
2652
1361
1721
507
508
2273
2814
2899
2196
513
3459
4035
516
517
647
775
2760
521
522
3951
3497
2369
3800
214
114
529
1511
127
532
2013
2246
3059
2014
3752
1944
539
3921
541
2398
589
4052
1485
546
3240
1316
3205
550
1417
33
2008
554
3612
3491
1946
163
559
169
610
17
3665
2978
3816
3879
3091
568
1231
570
4005
1008
3476
574
2967
3021
3131
814
579
2845
1432
1402
2800
2916
546
19
587
588
2025
590
1962
51
593
4032
595
1477
3541
1881
1639
3709
2490
1656
3278
604
1371
606
1375
3060
609
366
2605
612
2968
1373
615
1984
1838
297
1018
2652
3141
2450
4053
1844
625
1269
502
628
1862
3293
2463
1912
3228
3940
1356
1013
637
1482
968
3502
3137
149
643
777
416
646
3208
1142
3020
2079
2514
908
3917
654
655
2810
657
1925
2472
660
1854
278
2428
3697
1547
2930
1462
743
1296
670
3373
3971
1139
632
887
2621
677
1599
292
1661
1748
1068
2076
859
2209
686
1000
2938
626
690
691
1907
693
2758
3435
3831
1133
698
1192
13
3560
792
703
1559
2393
2253
2301
3689
709
1529
2175
731
2160
3061
715
716
3351
718
3759
3353
916
1410
324
2991
2268
2533
727
3990
1109
3158
1800
732
3866
734
2497
1535
902
3688
1547
366
384
3105
743
2758
2636
746
1309
748
2350
69
3484
3081
2228
2448
2335
1890
1704
758
759
3250
3299
2028
763
764
2145
1471
464
768
2038
2579
3621
3838
2349
2021
1276
776
3250
1613
779
2822
3615
1996
1830
784
2277
535
3138
530
603
790
2525
792
793
794
795
3610
2831
798
877
1849
801
624
2580
804
1002
3923
511
3146
1297
974
1088
3875
499
829
815
2127
2519
2104
1281
35
829
799
823
2030
2658
3075
2565
1699
3605
3167
128
3118
833
1901
835
1004
870
2525
3583
1872
2351
4094
921
3647
971
846
847
2008
849
3425
1469
2836
1456
3988
843
2736
4022
858
1671
3534
861
1956
232
2513
424
1931
2021
3590
2058
1042
871
1395
3061
1912
3919
2547
3783
2173
2544
607
881
1723
3515
2615
1051
887
1354
2506
778
2197
1145
704
3867
583
895
2659
897
3
899
3095
3082
902
903
904
1933
1019
2575
3990
909
2060
911
3969
2954
3971
3791
1404
3657
1867
3948
168
3589
3366
2782
544
156
926
39
3049
934
2235
98
1637
2006
934
680
199
2008
3774
3280
3940
696
1758
3833
2755
1631
2690
947
948
949
950
2630
1325
4093
954
2190
3192
957
958
3944
2357
2684
3213
1042
3227
3369
966
1081
968
2180
970
206
3315
2277
1842
975
976
1224
2956
979
2040
981
3231
2633
1223
985
986
3074
3328
2980
2810
991
1986
514
1403
995
519
1839
1400
2709
934
1247
969
1003
3617
364
2011
1007
2748
3732
1010
3091
831
3937
2309
1015
1016
1017
3107
1682
3533
1966
3721
2667
502
847
1645
3829
3826
358
1718
244
1761
2237
2082
3160
849
3015
310
1817
2535
1041
673
3827
1186
308
1046
2821
1048
2016
148
1034
1026
1829
470
2991
1453
3136
3492
2299
1060
684
3224
2029
1042
1065
846
2272
2802
3082
257
1865
3930
1073
3271
2174
1076
1650
1709
2847
1381
2895
3154
105
1084
1085
814
3302
1088
1138
1840
1034
1607
734
2487
647
130
689
1330
3353
2717
2371
102
892
1076
3183
1106
1148
2940
3016
322
1018
570
2031
3864
1115
1950
829
1118
2921
1120
2054
1642
2126
3192
3481
1126
3160
1128
702
119
1550
1132
1348
248
2238
1136
1137
1138
1139
2678
3600
859
952
3702
1750
1146
2028
2788
2898
871
1151
1152
1708
3219
1888
2277
1153
1655
130
1981
480
2183
3623
2605
1278
3007
1668
1980
1169
1170
3125
3217
3327
3372
1359
1908
2876
2217
1179
2860
2481
1182
3966
791
1172
2767
1661
1188
2879
1890
3549
1059
3042
1107
1188
927
1586
3371
453
95
1201
552
3459
1762
2531
2488
883
1762
1763
2241
3669
542
361
2432
3022
1216
230
3222
1219
98
2997
787
2976
790
239
4035
3831
1345
1126
1230
661
2931
1233
400
1113
3025
952
476
690
3482
2963
1572
1147
629
1245
3812
720
1171
76
3151
96
306
2277
193
3302
3063
3169
4091
3301
3107
1261
1262
3825
549
1265
1266
136
390
3479
536
1271
1502
1273
2407
1487
1977
3097
1278
1279
872
843
1282
1283
572
2019
1472
288
2738
2642
1290
363
1792
2737
1294
1295
668
4068
2930
3969
3034
2002
3963
2238
1012
1305
3692
2787
1147
1309
4081
1311
2169
1682
1486
1315
480
3168
3463
1319
1320
3576
4040
209
51
1325
1962
1680
338
603
1330
225
701
2394
2962
1335
1336
1368
2366
1795
1241
1341
1303
3796
1344
1107
3541
1347
711
702
2231
1857
1352
686
303
3539
1356
2172
782
1359
2610
1538
261
1363
2553
1365
1366
1746
312
418
3426
649
1020
3650
1349
3414
2515
1377
2717
1683
213
1381
3957
2985
4008
967
2429
1387
622
1669
563
2479
2354
1393
866
1921
429
1647
434
1966
1400
1908
2987
1403
3712
2219
3404
1407
3041
2867
328
2594
120
3741
1013
2836
1327
1225
1418
2696
215
1137
3662
2644
1758
1234
1426
3206
140
3588
4071
2060
1432
1433
1434
4016
1622
2494
1886
3529
1384
1441
1442
1501
1651
691
1446
445
1448
421
1018
3038
540
662
4050
3375
1988
1179
1974
2203
1460
2315
1540
1463
750
4072
2773
3955
116
1469
2264
3930
2175
2184
1455
1475
572
4069
887
1955
1473
2537
2646
1917
1484
1485
1486
2957
3663
1489
858
1491
3497
229
812
2775
2216
1990
653
322
208
2192
1502
1503
1071
183
868
930
1508
1509
298
3132
1512
763
2473
1219
2217
3044
1191
3103
903
2663
1543
3548
483
1525
403
3114
1340
3899
3342
2151
2578
1462
44
3230
1783
1537
251
1539
1325
1541
2854
1543
434
2192
3783
731
1227
449
3203
2445
1552
1553
2665
2151
3635
1671
3053
2201
1560
3213
2504
2683
3615
1521
4023
1567
3418
767
2077
1899
2228
2121
1032
4010
2371
1577
2356
2767
2804
451
2453
3535
1678
1585
2901
2641
26
1469
695
3661
3139
3747
1765
1595
2255
1597
2154
352
1774
3675
278
1095
345
2354
2993
2572
378
4024
1610
1611
2485
2749
2283
1156
1456
1617
2733
3608
894
314
1622
2413
3535
340
3881
133
4000
2924
3880
1668
1082
1937
2019
2855
1515
2296
3949
1859
554
2845
334
931
1644
1645
2772
2819
3679
1649
958
1651
3974
1653
1039
3691
3485
1932
4004
1801
1660
1370
247
1586
1503
1665
150
413
1286
1669
1670
1818
1494
3222
3836
253
1676
641
2036
105
2499
2589
2950
2833
3519
1625
1555
1687
3102
1689
2583
1432
1692
44
2177
820
1975
2084
2621
1699
3345
1701
2331
110
751
2480
1706
522
1708
2036
201
2015
1161
4037
2267
1801
1976
1717
2372
204
1720
468
1225
3036
3986
2849
494
2991
1335
1925
3034
3511
2744
1733
913
1499
1736
1268
161
3829
1377
911
2212
1743
1898
1745
2946
2413
3913
10
2353
2083
1752
1811
232
358
2014
699
1582
953
588
335
1446
1763
3579
1669
1766
3370
2516
1084
2017
3428
2582
3285
3588
2314
565
1777
402
429
2463
3347
2841
2279
3357
1097
265
1071
1328
623
3084
2026
2204
1793
4036
2614
2538
1797
1385
2096
111
1801
658
515
1194
2674
3943
3775
1808
1862
3434
1992
2427
3836
1814
1815
2420
1817
793
1819
3086
1165
3071
1823
2346
2261
3335
3416
3589
3957
2403
1831
1832
1833
1518
2065
2342
35
506
3726
2130
616
287
2645
1809
1845
2961
2491
1487
726
1850
1828
3478
3152
1567
1855
1802
3944
557
2966
2918
1861
2902
1863
1130
1865
2157
2222
622
2017
528
2140
4081
2870
2174
491
1876
2499
208
1879
1106
2786
2852
2915
1884
1885
1650
1246
305
2375
3073
3783
1431
544
1488
1895
1278
1100
1898
1899
1900
357
1902
100
1904
1905
4001
1486
1908
2256
2126
2108
176
2654
151
161
1427
2324
651
3925
2531
1921
1756
2614
1286
1925
574
167
2531
879
2542
1508
565
3972
2051
2052
1153
3150
2408
1252
3054
3893
1942
1943
3507
1084
1904
3683
1948
1949
3737
2054
3843
1067
282
397
895
1957
2812
2152
3509
2
2726
3675
2532
3604
1966
2120
4039
72
1995
1993
2123
3148
1046
434
303
4
230
3810
1087
2134
3396
727
91
3142
1793
1987
372
3538
2687
3184
1992
1593
1994
2099
3185
222
1678
1999
1620
3825
2002
3797
1563
3896
2006
1696
3555
1922
747
505
2355
1049
508
2015
2585
762
1594
622
61
2320
712
3202
16
1084
2643
2702
171
140
705
3355
361
2382
878
90
2036
2037
2038
2082
2440
3985
3777
1899
1811
427
2403
69
1476
2910
2653
2237
2052
407
2054
3274
2298
2726
3986
1403
2741
973
2062
4046
2064
1346
2066
1143
89
2050
401
2071
449
335
1278
538
2076
2077
2417
3718
427
2097
1520
2237
2084
2524
3922
2305
3999
2735
2090
862
2139
2093
2094
2095
3141
39
340
1770
4024
1743
2102
414
2104
900
1692
2107
1759
2042
1780
3809
2112
2113
2114
2442
2228
47
3720
2766
2120
2463
2122
3341
2124
3192
464
764
1332
2987
589
3636
2889
2133
3323
401
2136
931
2367
440
1271
40
367
2143
3013
453
1267
2147
608
2211
3308
2387
1923
2153
1654
518
1970
1277
2158
2159
3283
2161
336
521
2378
799
1284
2167
3709
3785
1872
3249
2577
1098
3649
3508
3464
4088
682
2179
3503
359
3694
3955
2184
1625
205
2069
836
2591
3992
2191
2489
3108
1865
3765
2295
2200
189
576
2999
1472
189
2687
3343
3437
1168
344
2989
579
3807
2981
1260
3213
3339
857
3071
867
1061
1044
1702
3651
939
95
2662
2803
2226
2227
3859
860
906
4048
1436
2233
3904
1423
1624
2495
670
964
2240
3662
1013
3952
144
724
2836
1403
3936
2078
2259
2911
2944
3319
3954
550
2873
796
2258
644
1438
2261
3598
406
2298
407
357
3733
215
1780
1260
2271
2709
2449
2223
2274
3461
2078
2417
2279
88
818
3819
4024
2895
1981
2838
1743
2288
2289
1203
2695
4075
3490
2935
1416
2991
3340
3713
3397
3697
3349
3611
1380
512
2223
2306
3828
2734
400
3192
716
2816
3280
1533
2315
2538
3207
331
422
1948
2073
1624
546
268
1602
4035
3202
3018
2929
2446
2634
2229
2046
2334
1887
1744
3425
2398
3966
3156
2341
1036
2343
270
2251
1751
3085
1434
3283
1527
544
3613
2353
1948
2491
1590
3572
3036
1857
1077
2974
963
2363
4094
1806
3408
2632
2368
4035
1357
422
1682
685
2819
1551
3840
2377
3854
1820
2380
1994
2382
1508
809
3428
694
2335
3971
2389
211
2391
186
2366
1800
2395
3757
1305
3656
738
2400
2401
183
2403
522
735
1988
3929
3366
1926
1189
3787
3607
1873
2510
1062
1616
2267
2881
3610
3775
3689
2941
372
1927
2815
2426
582
2113
1084
2381
1773
2389
1941
2510
2571
2462
3245
462
2439
2295
2514
2388
3483
2205
1898
1260
618
2959
2875
2884
1744
2388
2562
1336
1232
2934
3263
2458
4047
3515
1279
2462
1034
1800
3051
2466
3422
3740
1465
1896
2105
2472
613
2358
303
3126
649
2478
3786
1234
2546
949
1851
1409
3823
639
3152
2115
3200
391
3346
2037
2493
3653
3296
1456
835
234
3255
3886
3655
2898
2503
1254
2505
1455
906
1866
3812
1209
895
364
898
2129
2515
2909
1846
3979
221
1572
2521
521
3372
3686
3721
3763
2936
1661
3319
2135
3116
58
2368
2274
2535
3943
1927
1075
1100
3381
1981
2965
3096
2544
2545
3189
3859
2548
2549
3459
4086
2552
1891
2271
2555
1835
1774
2492
3406
2294
1767
2996
2563
1918
1433
2566
1835
3579
2569
2570
2571
656
2573
3969
2598
713
2241
776
559
2580
71
1850
1658
3451
3830
526
2450
2922
288
1812
2911
2179
4082
649
2595
3952
2477
4055
2149
148
2954
4067
1580
692
3549
2235
564
2050
2947
2610
2804
2825
3505
2614
2874
579
1066
2228
2619
2620
2621
312
1591
581
3234
1879
2392
2048
2629
4057
2378
2697
3912
758
2655
1964
905
1512
1934
2485
2203
1386
2643
623
2766
2646
3436
3570
1474
2164
2978
251
2653
2654
2742
4044
2479
3054
1538
3059
2191
2662
3416
1355
142
2666
3376
3732
2838
3191
393
1396
1059
1298
2675
2907
2992
3782
1013
282
308
2682
3779
3717
3877
1156
1784
2759
1406
2690
430
2706
3884
3483
2695
147
2847
1577
3563
105
1718
2702
2842
3836
460
1937
132
1855
2995
1429
666
1890
2713
1114
2715
1678
2171
1422
1360
1791
2721
1202
2515
3575
3960
2726
3921
4004
2569
3708
3390
2732
2716
2734
2458
870
2737
2738
2182
2562
2587
927
2301
3046
2863
2433
2747
2748
805
1761
3861
1470
3651
2754
879
3147
2757
1725
2300
2760
411
2762
3516
3501
2925
2994
3365
2749
2901
1837
2361
2194
456
722
3063
2637
3284
1553
3564
2780
1488
2782
2783
503
2330
2786
3920
1307
4091
3685
2791
2776
3645
467
1826
1273
2766
2236
692
2170
1065
3685
1438
3813
2489
3275
2077
2808
586
3730
2811
2799
3648
2814
2271
1986
2817
1105
1738
3473
2821
1607
4067
3297
2913
4061
2885
2828
1592
3609
3351
3417
786
2020
1557
1477
93
2621
1066
1531
2841
2337
3554
709
318
44
342
3116
3691
2612
1005
699
253
381
2855
2305
224
3677
2859
1121
188
2465
2863
2712
3797
1719
2033
486
2869
3738
3589
2872
1962
3831
2875
2113
3027
2878
1265
353
2485
1973
670
2528
2314
3785
2122
830
2889
693
2821
1082
1074
2894
1029
1305
654
2150
1493
3119
2901
765
1193
2904
2905
2906
741
2797
1678
383
2289
3639
117
305
2570
1381
658
958
3353
2920
1327
3485
1570
1016
1510
2399
1708
234
3481
2781
1263
689
3435
2934
3412
2181
2457
2938
80
2940
3373
3197
2877
954
3579
1069
497
2948
2949
3695
2951
1374
3066
979
2031
4023
235
3357
2959
3411
2961
1805
276
2964
824
107
1984
1058
3587
2970
668
2320
180
2974
2975
6
1635
2978
2360
2462
1714
1637
1563
2984
494
2590
1045
2988
1563
3086
644
2936
2993
2055
1622
870
1981
2998
1857
130
1295
3661
406
2119
3767
2389
3176
3258
3056
1399
3011
3437
3062
3014
3033
1700
3017
3018
1427
3020
650
3336
2989
1144
1830
4034
3027
2706
3029
819
3031
581
1545
2874
2202
3036
2414
758
4058
2543
2053
3622
2948
75
3045
3293
1240
3250
2454
200
552
3052
1794
3261
3584
3493
591
137
2733
3580
1280
466
3517
3985
3065
1284
1
1433
61
2202
3846
819
3073
2164
2293
2871
3077
1689
1144
2945
3081
885
2384
2098
3338
2583
2649
3088
1035
1747
3091
3092
2136
432
2337
2272
3164
1820
3552
3100
3101
3629
1240
3440
3105
816
1240
3108
777
877
3442
526
3113
1695
1509
2818
469
3197
3962
3120
3413
4082
2249
1414
3323
735
3127
4062
262
2481
3131
2101
693
721
276
3856
2541
3827
3388
3140
3780
3171
3143
107
924
3947
983
269
3149
376
3151
2677
1777
3194
3145
877
3059
2461
862
1211
3161
3162
3874
89
3165
3166
1945
3168
3839
350
329
1843
1042
1049
2119
801
3589
1849
92
3273
3181
923
3183
198
100
773
1181
368
3189
1149
3857
2144
3193
3194
246
2906
3197
3198
3020
3304
1270
3882
418
3204
3205
3206
3207
1048
3209
3210
3211
3970
2362
790
223
2690
2633
1264
3219
3738
655
2064
3231
2503
2155
3226
2407
3426
3229
2352
2506
102
3532
2873
1250
3236
3293
3238
920
1495
2102
3939
702
3371
3724
3246
1119
322
3597
3250
3480
1112
3819
2073
3744
986
1715
3258
302
3260
3049
849
2804
1107
3255
2133
3459
1664
2235
2894
440
3272
3273
3484
2090
1359
883
95
1201
1584
3466
829
2703
3787
329
2086
802
52
3289
63
449
1037
1777
750
3295
3296
4086
2625
3554
1096
1783
1590
458
3446
3824
3306
3307
3308
3352
3885
3212
1345
1147
4094
1440
3316
2347
1581
809
3175
187
499
3504
2273
1301
3326
3555
2335
3329
1749
495
15
2499
3334
484
2639
1956
1580
325
3545
2037
3770
3343
3273
1292
3346
3558
3348
2388
2637
3351
608
2385
4076
2954
3356
3965
3358
3359
788
3361
3362
2033
56
1286
1440
3367
2328
2586
898
566
239
1392
580
2737
1876
3377
3218
3379
3380
596
3455
3542
44
1395
3215
3316
2687
2676
1607
1227
3392
3393
3283
3991
1206
2140
3860
3399
1993
76
3915
3278
1515
2146
1768
2412
3408
2711
2006
3804
3290
646
1583
2411
1241
3417
941
1856
1284
2335
974
504
3424
925
3649
2110
2151
2835
2005
3356
878
1768
1252
954
1586
3437
3438
434
2468
3731
2201
784
2345
110
3446
3447
491
1538
755
2073
3948
3453
1995
3013
1707
3278
1251
2680
3781
2176
2232
1795
230
970
3466
3799
3586
1847
1470
3471
741
3473
2800
3055
1174
1172
3478
3479
2689
3374
1955
937
3483
2445
2474
141
421
2325
3490
3491
2135
3493
3433
4031
1317
587
2614
1001
2762
3501
749
2795
2992
3505
3506
1718
2497
2481
3564
3511
3512
3966
3221
2268
2924
299
3439
1516
3672
1297
2452
3059
3524
3741
829
3199
65
3153
1238
3497
3087
3533
2554
4083
1604
3554
2749
2352
2253
3541
3542
3543
1644
4069
653
28
3537
523
3550
3248
3552
1708
3554
3555
3446
3557
3558
3546
1050
3561
866
3122
2346
3565
3566
3567
3317
2084
1990
50
3572
1186
3574
3575
2054
3202
2423
1454
2193
880
1440
3796
3584
3585
338
3587
92
3589
2052
3591
3592
2590
3594
3595
1735
2024
3242
1762
1464
3764
914
3171
3114
363
124
3979
3484
3609
2469
3199
1471
3613
362
3248
2657
2415
3618
2354
983
3868
450
1863
1212
149
2200
1303
2200
693
3630
3038
128
3934
703
1591
3602
1616
666
3639
2619
3641
1979
789
2501
1366
3258
3647
1603
3649
2837
3651
3619
755
3654
1397
3656
1938
3108
3659
2379
1709
3557
145
2920
3705
2344
127
1809
3036
3164
1936
2874
3673
3674
3675
3676
3866
3526
2379
1386
3681
95
901
3684
3364
884
3401
633
45
907
3691
3469
3663
1661
3695
3696
3697
769
1504
3700
672
3148
3213
3704
3705
132
3292
2036
3709
3837
3711
3712
1540
2162
1549
479
1229
3484
3352
999
2913
1634
3723
2384
3008
2534
1651
3891
3729
1838
2283
3935
3733
2745
1656
3501
309
2424
909
981
1475
25
1112
3744
671
3746
2060
852
3749
2210
126
2400
3753
3754
2688
1354
3757
3758
1787
1944
2352
3762
604
3577
639
3611
2015
2289
3405
3852
476
3243
2500
3774
2131
2647
2809
3778
458
3555
3789
1933
3783
3579
804
2603
1543
1656
3789
716
3791
1668
3793
4055
3403
3021
1746
1250
1277
3800
2349
731
1915
1863
2745
108
3807
1171
3809
2500
3811
583
317
904
2713
2963
3712
3170
3819
2422
3404
1006
1904
111
3825
3608
3446
1766
227
3830
1017
1725
3630
4038
3835
3470
783
3838
3839
1218
1722
1513
3132
3584
161
3239
658
2661
3821
974
3851
3564
2437
3936
3179
1511
2261
2486
2516
69
2596
2028
3514
266
2254
435
3867
1990
1787
376
1363
2570
3873
1593
3084
4082
628
2571
3879
3880
147
3882
3883
3867
3885
3228
2807
3591
105
2274
1932
4040
3893
1356
3442
2205
3841
1861
3899
2273
2340
3888
3903
1690
2605
3906
2046
2124
498
3832
3911
2499
3913
3914
1860
2305
4091
847
2291
3920
623
3417
2437
393
3925
3926
2548
3928
1147
3983
3931
2652
3420
1818
2596
679
1163
704
423
3024
2976
2762
2815
569
1271
764
2693
1768
3949
3950
500
1095
3628
2804
1090
378
998
1712
3959
3795
3434
3962
2104
3964
2246
3966
484
1990
802
3903
3808
3972
3397
485
874
4
907
3978
3897
2979
3669
2616
3547
843
3379
2143
2610
3878
3238
2141
2586
231
2519
3583
1942
2217
2921
4045
366
3404
1938
1167
3211
1649
4005
467
4007
3695
4009
2523
470
506
4013
4014
2323
3448
78
4018
842
2899
4021
920
125
4024
945
3529
4002
86
1574
2491
4031
316
4092
4034
1978
4036
2257
4038
2212
802
2205
2577
109
47
4045
3744
3319
1695
114
2918
4051
121
584
3423
2444
4056
4031
4058
3500
3285
2833
323
4063
4064
3409
3778
3851
3315
4069
3863
1328
1709
83
1323
3686
2339
3534
391
448
2015
500
494
1662
4084
4085
4086
3818
2188
1775
2639
2309
2358
1965
656
2293
1368
