7144
7589
16097
16099
10161
1537
7
2818
9
6873
12308
7992
11634
16229
13642
16
16365
15141
14986
13117
7521
12876
12432
6074
25
26
13333
1548
10312
10550
4828
16357
14062
14728
9713
2479
5487
917
39
2191
5202
11078
43
3727
8019
1566
16034
48
16010
13199
51
15879
13267
13179
55
14635
11868
58
9912
5771
8359
5959
11844
5307
7507
66
5772
15856
12334
5744
13533
72
10677
15456
16011
16163
16372
78
1818
4980
11065
5544
12998
12630
5194
12623
9445
4688
89
9505
6239
2938
4989
16150
8708
13347
5725
98
99
100
4167
102
103
2270
13231
9938
1741
9180
109
15681
15274
3472
14752
14900
3250
14740
333
8230
9420
120
5877
4843
5666
11070
1082
15110
15757
10586
129
130
4964
2310
15574
134
135
4730
11017
12537
139
10454
15183
14806
7300
8737
162
146
95
8033
15435
3566
6401
13951
6815
4756
155
14283
15044
158
14175
3775
3503
3456
14844
4584
2181
14216
15169
7145
141
170
14359
11874
11157
174
10511
5943
9956
8932
13242
2308
9093
13336
183
10340
8144
186
517
356
5710
7331
5111
3608
5991
194
2902
7383
9493
6357
5842
14076
8538
3674
203
12860
15682
206
3814
10834
11171
14971
4960
729
213
214
8542
13891
13970
218
10849
6600
10921
4804
223
224
14743
11437
227
5160
4068
230
2383
10270
7675
8373
13171
15057
1481
3144
4515
15556
11681
8188
12032
244
10978
12001
247
6481
5764
250
251
252
10587
11441
6492
256
2744
8947
4077
13592
15546
14997
2012
13904
10049
266
7171
268
1587
12431
1056
9262
4420
274
275
14227
7934
5900
986
280
12448
5072
12666
4251
719
7259
16252
7199
13022
10454
2255
3129
13198
11202
7205
296
10405
10363
5817
12416
301
7883
15865
3202
9469
11911
4258
2346
309
310
311
16330
2100
314
10280
5846
317
3085
319
6343
10917
15750
10594
11635
6624
10461
2449
3261
4530
330
4704
6389
333
1343
15905
13593
337
11748
9883
3025
7779
342
1381
2505
10981
10850
14415
15238
13195
14361
953
7090
3822
4037
13433
14738
3402
7642
359
9988
10025
362
1718
364
365
12436
367
13285
6247
755
371
3289
7590
275
497
2953
10158
3521
10731
11538
381
6025
5327
6003
4055
4180
2814
2031
5132
390
9903
5852
9168
6951
4205
396
12569
14592
399
14192
6209
16309
403
404
10244
3109
6172
408
10998
6397
13761
11273
6893
329
5046
10413
11059
199
419
53
421
2
423
6202
425
4108
4181
9015
6138
9313
431
432
2533
11990
435
2096
9484
16194
14665
7691
14002
4489
443
7616
7861
7598
13787
2474
13994
450
11163
13746
453
4503
11491
2407
14915
458
6165
2606
14968
6166
8807
2691
10347
1437
8828
3275
3969
4433
5370
13452
473
4243
3650
476
477
4759
1860
8139
12374
482
9720
15736
485
9776
12193
13345
4554
490
9555
1463
16044
11961
16378
5824
14566
14961
11990
6988
501
1267
5952
8424
10094
9226
12393
14527
14595
9460
2385
1861
513
14218
4244
9999
517
518
10207
520
521
522
13963
9350
3598
526
9771
6310
8151
530
2941
532
7773
7810
14902
7766
13634
13083
6342
540
9239
3687
543
7608
15190
12110
1317
8031
549
8118
15843
6241
553
554
1194
1843
8101
15411
6086
1715
9234
3664
563
11064
12831
13435
990
568
4598
570
16375
8762
12407
14892
143
9656
11591
6484
2510
15277
14091
1315
11002
15407
9345
2736
587
588
589
14866
591
592
15586
3929
324
7302
2955
6410
9017
12188
10073
3696
8635
7123
605
4685
13232
7114
13446
9254
611
5621
13588
2526
827
3687
5035
16103
1393
6350
10721
416
15694
624
13456
626
15281
14895
1000
15604
5813
3954
5629
14829
16142
15702
2140
8392
6440
6825
5239
642
13553
3886
14492
2790
1090
633
3616
4776
5668
652
3335
6169
12017
14055
6584
11326
11126
5480
9837
12125
4699
15649
16078
10328
14093
15835
9645
16232
7842
16084
673
6672
13080
13253
10558
11188
16042
11647
681
11820
3273
38
1103
686
6607
6206
13119
4277
12789
692
8061
15402
1884
1513
11142
698
6583
777
10836
526
703
14869
10286
706
10170
708
14716
1744
9869
5004
14823
6737
15561
9626
6394
718
10823
5062
721
9667
10860
6164
16273
726
682
2899
729
4166
13470
10959
3183
15354
12471
736
14325
5552
13247
8776
6077
11731
743
744
2677
16246
10062
4420
9730
15065
2859
83
14241
754
755
756
757
758
12484
6476
8679
1161
16142
3155
7325
16031
3836
10223
3812
921
4797
6994
16274
883
4934
5441
14129
13709
11517
9475
2
11378
3152
4421
4724
786
1833
7279
789
4806
16073
792
793
3379
11281
8368
4539
798
11039
11522
801
802
11863
804
805
10685
15357
5701
809
810
14496
812
16277
10497
5105
16167
11379
10039
5223
820
9123
822
823
7363
356
826
2213
7364
11733
5365
11785
72
7197
2679
4877
6885
6057
16158
839
840
15252
10596
10812
10389
6074
5112
9361
11775
3223
9254
851
5887
853
854
8327
9036
882
1981
14258
10004
861
9344
863
14613
12217
323
9962
1197
12107
10033
8393
14786
14910
15277
875
4458
14683
14145
879
15053
881
9110
8149
4743
14221
886
1126
888
133
1059
10379
6019
9385
3030
895
6900
11366
903
520
4325
15516
12736
4647
904
9093
13932
370
2741
5940
910
15155
1266
4832
3228
15948
2592
1897
8673
10741
6639
6509
11866
6771
7567
5860
12789
927
568
8889
3305
11933
9791
933
3824
935
16257
8922
175
4519
1630
14106
4888
4371
3661
945
3658
5636
8492
6886
950
5200
11084
953
8782
955
13872
5440
15420
3997
921
5806
11563
963
6780
2210
12130
15668
968
5514
7678
9074
9337
7550
1612
975
9511
12069
978
3241
7232
572
7611
10892
4230
13247
3000
11115
2062
989
14083
3512
15933
3138
2547
3545
4058
8352
998
15108
10837
10561
10853
10120
16075
2147
2809
9027
9696
4420
2154
5380
7661
9385
1014
5952
15271
1017
3893
1019
1020
1021
10181
1023
12133
6892
4911
1027
14194
4590
8422
13743
1032
7727
10968
903
11784
2935
16010
6236
13495
10479
16355
13185
12625
2779
5828
5936
7199
7981
1050
1051
11316
14859
981
1055
883
1057
1058
1059
13745
4873
11063
9494
11764
1065
1066
15973
7303
16353
8010
1071
1072
4661
7695
2593
5564
1077
3094
5527
5189
9329
1082
2637
15667
9299
1086
15822
11907
12078
5265
1459
1092
2892
13245
12774
1366
14225
1098
1099
1100
13656
1102
15110
1104
2714
8334
8219
14477
7922
15522
14446
1112
15931
3798
5756
2139
9361
8850
1119
7665
14550
1122
1794
10301
13832
11093
9738
1128
1129
9355
6786
1132
15002
10813
9677
11862
7202
11042
9703
4473
1141
9767
12416
12806
1602
10508
4343
739
8569
1150
3889
4536
14325
1154
6027
13897
6790
13691
12062
8583
7607
9509
3291
961
2479
10076
15962
13291
3368
11440
4108
14409
1173
4758
8580
7792
789
1178
5001
9393
1181
11296
9343
10131
3481
1186
13231
14666
1421
2873
1191
12178
1193
1194
8210
179
7855
408
7786
980
3699
8746
3458
1204
13774
8323
365
758
1209
3378
4472
15166
1213
8135
1215
1216
13052
6573
8923
1668
1221
1222
15965
3835
11011
9711
1227
1228
7315
1230
7857
7993
8735
10730
3786
560
10908
11641
967
2309
12620
4665
11054
16077
2055
2993
57
2812
6370
4529
1593
14505
1253
1196
8166
7043
2863
7746
10877
13873
1073
1807
1263
5346
9065
10541
16075
12850
11100
10598
8106
1272
1273
12067
12907
4341
347
7576
1279
4034
2401
10568
4090
1284
1285
5212
554
1288
1289
1290
8618
6805
15058
9813
14970
1296
5716
1298
1299
1300
12676
6331
209
10164
7403
2015
15509
83
12556
15199
12933
7271
1313
9413
4654
2953
5935
8995
3300
13510
13028
5700
7694
733
10912
8247
9351
1332
6920
2779
16301
12635
15454
6247
1335
12843
9234
13650
14858
8358
13732
11029
1343
7173
1345
10280
1915
201
14934
1350
4868
6135
7544
1354
8167
1356
3260
4187
13866
1360
10953
4919
8393
2815
14269
1366
9724
9734
664
9640
5985
16117
1373
1374
15887
2443
1377
8966
13152
916
940
1382
10499
11944
8112
4395
1387
13859
1389
8312
2944
2342
14446
10487
10508
1396
1397
1321
1399
14673
7989
12274
3207
16382
1405
1406
1407
15088
1092
9721
8438
1755
2977
14422
1487
2479
480
10453
15630
1396
11392
9744
1423
13339
3119
14138
10813
11430
1429
1430
1431
697
13154
1434
9491
1436
11183
7277
10811
9471
15266
1442
6700
12678
15263
5404
13769
8599
13841
15523
11575
11878
625
1454
14053
1456
12357
11077
13298
13752
6084
6658
10707
9202
4411
5135
4247
5108
1905
1470
13737
1472
16290
9181
1475
1476
8164
9377
8062
14863
5670
6940
3882
3054
15539
1338
2192
1488
10729
13215
2816
1492
8398
9188
13893
5311
1497
6555
3592
11968
877
12794
1503
16379
6012
656
5102
7916
14393
5007
1511
712
6172
14383
8774
4650
3668
15713
8532
6721
1521
14867
9869
1524
8912
1526
9212
6700
11728
1225
1531
15887
9236
1534
6535
6057
12827
1538
2119
6934
9236
2113
1543
12945
9892
7214
4476
7900
12220
5187
14071
1552
10219
13960
2336
13886
13289
10867
1559
4223
11771
4352
13134
4598
11051
1566
8477
1568
5822
10553
1328
12357
225
14155
1575
14475
7158
7006
203
1580
1581
3718
1583
513
7416
8193
8412
3251
13380
6098
1591
13469
10955
8434
10971
1596
7859
2916
1599
1600
15193
3246
7267
11942
7843
1933
4035
1608
13665
12485
1611
5362
1613
9637
12710
3132
1617
7727
3483
10138
7929
7201
10650
15344
15393
2678
2210
12388
8775
15679
6959
824
10265
14817
3740
9073
1678
11006
4630
9521
12939
8664
6801
9039
14026
53
5364
773
7779
8847
10910
15707
16047
1654
5176
14666
15055
1658
7853
491
11059
243
1663
16169
1633
1067
10049
65
4806
2737
1743
15811
1673
7367
11263
12365
16030
1679
5020
1680
1681
13671
1731
10383
14444
9509
2845
8969
8831
2507
1691
14144
7112
1178
5612
1696
7602
12236
5855
1700
7387
13868
6921
1051
1705
1706
13932
11726
3788
15674
11152
11154
10552
7133
10799
12230
12152
8086
13960
6150
6145
7084
8995
1724
1725
15113
15914
11501
1729
12873
6641
12678
2100
1734
14243
8529
7954
5245
6012
14874
6295
3560
10215
10082
1745
2849
4983
4851
1749
13401
12115
1752
15650
9246
7882
7351
6822
14031
13495
13905
6641
12223
13435
1758
8711
3691
14435
10811
1549
6580
2380
6793
12591
870
13088
16150
11084
6785
1779
2615
1781
16066
11636
16015
1785
11796
10901
8876
1789
3293
1867
15697
940
1794
1795
15361
13218
7580
11199
10268
9337
1802
3526
13958
1805
1806
1807
7388
14336
1810
15507
13967
1813
331
1815
5915
10173
1818
1200
2618
1821
9939
12284
1824
9403
12553
11965
4654
12183
7377
1831
15554
4674
1834
10669
1836
1036
3987
11608
1840
12
820
2804
1844
11210
11087
12140
14735
8660
3143
1851
12686
7782
1854
725
1856
13017
13697
10898
1860
14216
16314
4452
10115
9332
620
1867
5696
13985
1870
12802
13072
13154
1091
7356
14189
5077
1878
2580
14200
5896
5383
9026
598
1138
7376
1887
1888
9258
1890
1891
4281
1893
1894
1895
3678
655
1898
5005
310
14351
15902
14525
14281
3969
8256
1907
1908
7228
1910
4588
1912
13951
4829
1915
1916
1005
10638
1598
1920
2096
1609
1923
15787
7172
4188
13602
13068
9570
6243
1931
1932
13665
10708
13619
6538
14988
912
7193
1940
3608
1942
1221
5159
3126
15745
3055
7094
7616
1950
10283
11682
5182
15111
1955
1956
12686
15819
1959
1960
324
14781
1044
1964
16110
5569
5231
13328
2252
1970
14801
3186
15916
9124
420
6070
7727
1331
13262
11334
2551
2036
14459
1912
1985
5091
1987
5169
9527
15373
466
1992
1993
14709
14099
13151
14143
14422
11548
15186
14148
2002
732
4033
11091
2983
2449
14276
2514
11572
14696
8583
2914
16026
5460
14247
2017
2193
7496
12322
2021
4104
12586
1106
2025
2026
13630
11574
2029
1571
11954
9288
14721
9713
7325
2036
9884
8514
2039
2040
5088
10615
12546
16178
2045
13597
14994
14070
16111
10181
2051
12381
8309
13094
2055
12022
13769
10957
14214
4880
6894
1933
2063
2064
2065
2066
2067
1081
7999
15563
2071
2072
2073
12654
9569
11132
2077
5557
7905
4460
12881
1405
12974
1585
12019
9135
1378
9232
7745
15447
8958
1541
11443
882
14635
7081
14650
9207
4910
3145
16100
6843
2103
2104
4225
7714
2107
6021
2109
494
898
768
6050
8802
5228
2547
10206
1817
4131
5841
10951
5508
15072
2311
4571
7645
3852
16013
8526
2102
6709
6792
2133
11308
11619
9936
2137
11023
2139
2077
14161
2352
8097
14654
3249
8864
4320
2148
12050
14091
2151
6866
5872
15907
10996
11712
10474
119
10399
12784
4689
1659
251
4318
10184
2166
2352
11026
591
13659
6260
10527
8297
8336
2175
8303
10648
48
6572
13896
8912
10891
2183
9562
2185
6618
1372
15433
6141
12367
10760
230
12486
4774
13013
790
6432
2198
13264
5107
231
2202
15615
16133
822
12890
6008
2208
11348
4802
14344
3266
2213
15450
14391
9837
2217
2218
12961
6918
2221
4344
2223
6138
13536
2226
5715
5186
3292
1698
15945
3521
2233
14183
4334
149
14972
10765
13412
3695
10996
12643
3443
2244
11817
9148
9450
6780
2249
13949
7409
2252
2253
10045
2255
13014
5416
2258
3497
9591
12333
7840
15728
9484
13555
4530
12775
15252
4090
16295
13050
8424
60
2274
11637
2804
2277
13471
15331
13799
9729
2389
9231
2492
11839
16010
57
2863
9670
2290
13070
2292
2293
2294
8278
13167
6276
4227
4622
5620
13710
1792
10149
10101
659
14238
10011
13708
6277
2310
10070
8961
9081
7157
7907
6495
2317
501
2319
10296
15726
2993
5750
15351
2325
3049
8612
8637
16118
506
5419
6010
4732
10040
11629
2057
2337
11832
5393
2340
12157
12490
3246
5784
9814
2346
9523
15853
2390
2219
6625
2352
10296
2354
8713
2356
2357
7126
2359
4207
8054
10118
9956
7021
13166
2366
2184
15657
12899
2370
2689
4691
2373
2524
7420
2376
14730
14152
9476
10177
3160
5249
2383
2384
6283
6406
11032
16096
15928
10500
2101
1762
741
12396
10474
2396
7866
219
2144
1599
10174
9164
14764
12357
8436
2406
11278
15045
2409
13126
13802
6080
11471
11569
2415
15556
5264
14729
4420
11546
2421
4750
15451
11257
4293
9566
13357
6054
10306
2430
9368
143
1787
9586
2435
2286
3385
3376
2439
11449
1764
15732
3500
13042
2445
2446
14393
241
10459
4088
11712
5643
3259
591
3987
7678
12136
8736
6744
7008
13028
2462
16310
3980
2697
2466
2467
10231
13347
2840
12018
6549
5125
2474
15402
9924
2477
2478
190
782
9271
2482
3689
13823
2485
7279
2487
3930
7897
11367
15641
13539
14625
2494
16231
1142
5919
11982
9877
12662
2605
6521
12587
6584
9217
6434
3546
12056
2067
10094
797
1084
3633
986
2515
1865
12904
4674
2519
15687
3798
8603
7199
15164
2525
7859
4354
2528
13405
7705
5495
2939
3302
15371
15600
2536
2537
5906
5507
11803
12489
2542
14724
1852
16035
2546
10395
3918
9744
2550
2551
2552
11191
5001
13377
12176
6866
2558
9896
2560
2561
466
2563
2564
6168
13693
9068
2568
13367
12473
543
2572
2573
1336
9493
8247
6830
2578
12431
11549
5816
11646
1070
11323
7064
13559
9662
8915
13209
3672
12832
6568
14863
1449
3560
10654
8314
13455
11119
14481
10764
3803
2603
11463
6852
4345
12798
16344
12591
3243
12390
7755
9059
7651
8825
2616
3997
14715
5999
13658
7245
2823
945
2624
3693
9390
2627
15807
5141
2630
12950
10077
13454
2634
2635
2636
10020
4811
11550
4399
8613
2642
2643
2644
6629
2646
11250
12957
2649
2650
3042
11209
9164
6285
7214
534
15343
14865
9358
2660
2955
13195
15356
228
4055
1794
2667
1172
7747
11184
595
12887
2673
7749
10671
2676
9956
2678
1384
15481
5122
5783
7710
11750
648
2686
4282
14791
11857
13445
4691
2692
2686
13979
3649
2696
1166
6952
2699
6603
14360
2702
5924
2704
2705
6830
2031
7717
8002
9777
2516
8596
6280
10264
2715
2882
16235
2718
11648
1978
4972
1046
9687
337
1693
13969
2727
2728
15128
13549
11029
2732
3434
16235
8623
2736
7083
1016
15575
13685
15376
5114
4131
1022
2745
12830
12132
2748
10798
15346
4343
2752
693
2754
9225
7224
2757
544
4488
9201
2761
2762
5515
5533
2504
5852
2767
7226
88
4595
4390
2772
11116
8028
4240
3355
15110
5256
2545
2780
12411
4247
7658
157
2785
5268
4103
12288
16065
3064
246
374
12289
2794
2795
7469
917
392
285
2800
6431
5925
2788
12282
13150
2806
2875
492
2809
1155
13991
8520
5395
961
7245
10650
3505
3271
14896
11162
3427
3779
15264
15714
3459
1944
15959
3832
2829
14232
2831
7043
4748
14623
7328
2836
11179
4163
2839
10115
7076
928
12990
7568
2083
10596
16087
7477
11556
6947
1742
15060
10218
253
9837
13644
4031
8716
12974
2860
7489
10659
12548
11321
2865
2866
8506
2868
3207
16068
6745
10534
10862
10907
4264
1554
11835
869
9121
13917
11464
2882
8823
2884
2885
5009
6635
15769
6750
5310
9602
7002
15146
6862
2895
11032
7478
3451
2136
1752
15998
13456
2903
10258
2820
13140
618
13353
2909
2910
7617
11524
2913
1233
9170
6974
2101
1906
2919
4506
13565
10728
9514
3815
10113
16263
9125
2928
2929
3330
2931
6880
7886
10191
1527
15363
13641
3663
2939
731
2941
13255
734
2944
10988
2946
16074
13873
2949
11605
13043
5106
2953
2954
2955
6744
14275
14275
13718
16375
16181
1839
13555
10524
11353
986
4252
2968
11231
10110
2971
7582
1727
2974
1611
1388
3253
590
15029
2980
2981
6915
1320
11899
7649
12307
2987
11588
5137
7527
8246
10242
14270
6136
8133
11603
6127
7929
13442
3297
2068
8410
4282
6320
3256
3006
14391
13901
4982
16002
15288
8235
207
13932
15149
1526
9446
3018
6413
13832
4650
11550
3023
4974
12895
5407
2859
2647
13539
3030
14462
8773
5083
11519
3035
12069
3037
7151
3544
16351
13470
6799
3043
14357
3045
10986
11781
3048
13974
9889
3631
14180
7437
2395
15705
498
3057
8808
13152
5147
3973
1741
1658
9379
4600
3066
3067
4304
6534
2677
13076
11616
3073
14195
8760
3076
2382
1354
8726
3080
15851
8152
6699
3084
10452
3086
3548
3088
4288
3957
7178
2084
11393
9573
1404
11890
1996
14556
3099
3100
3101
653
3103
3104
5968
16296
2310
15346
4511
6613
5495
3112
7187
3304
3115
727
4997
3118
12063
3120
3108
3122
6350
4405
2575
3126
3127
14502
11103
13026
1665
15390
598
8843
1089
11990
2031
3138
2493
7496
4026
3142
664
8148
9993
575
3147
10457
8954
3150
5086
685
14449
3154
12272
3988
15175
885
16050
1898
7234
4070
4472
5351
15172
1114
7016
14178
1711
15858
3171
15266
3173
3174
3175
13701
1504
1374
4812
5529
3181
2037
12959
15521
2612
7031
8090
7697
7715
6154
3191
3584
11702
4944
3195
4468
11367
6842
11702
15437
11313
668
3203
14224
12426
3206
7683
12017
14137
3210
7156
3212
10899
11453
8659
12272
16264
14187
3219
14309
12838
13323
536
3484
3225
5029
8232
3228
11198
11182
11815
6515
3233
16126
16283
1497
6583
11600
549
1511
12267
14773
13937
3566
10405
11689
10721
4919
6757
2996
807
6636
798
15115
3255
3089
14121
3258
3259
15650
3261
6572
2765
7497
1385
13946
2927
3268
7899
13687
2825
9395
3885
14424
9944
5396
10307
8332
2948
3280
13872
3282
3283
2352
3285
14636
8208
7271
5008
11203
8077
3292
3293
11643
12001
3296
6807
14731
9737
6072
4918
12501
13568
6302
10062
110
14200
7365
2935
7210
11249
974
769
260
11280
3316
9100
3207
8767
11452
1458
591
2338
3324
6465
11793
10414
1723
3329
7409
836
69
3333
761
6907
4986
3337
13261
4090
11287
6939
3342
4199
9102
14303
7133
16312
9167
8107
3350
3351
696
9427
3002
9796
3356
12633
11769
4863
14091
12359
7200
4171
7767
1229
5894
15176
2064
5962
15936
8970
10948
12813
13059
5850
3367
873
3378
14952
1285
8006
14879
3383
10451
3385
16112
15574
3493
3389
2729
3391
8985
16126
14497
13847
13832
10471
3398
4662
1618
1854
3402
5890
7511
3405
645
3407
7953
13473
196
538
3412
8036
13008
13596
13885
16374
14469
12452
1274
6090
10946
11725
5817
10136
15217
8545
3428
3429
2736
14958
6658
199
12405
744
4860
14023
2597
10750
5149
3241
2318
2237
3437
2856
10272
60
67
7773
3450
3451
50
3453
14535
3840
1323
3457
4240
14786
3460
13047
10056
8537
11880
2217
11272
10453
3468
8874
3470
11470
6474
9617
3474
16330
4112
3477
3478
12214
10695
3481
9260
3483
15454
13012
11497
2506
3488
15867
5384
2566
15934
13156
2615
3495
3496
14084
612
3937
1940
3501
15397
600
11995
7549
12479
14211
2436
6547
6700
13906
13020
3513
16317
3515
13851
747
12146
3519
8161
10007
11215
4788
5119
13721
4271
10502
16286
3529
3820
7274
2516
1519
7885
6452
3458
3537
6897
7051
15453
14445
3542
3145
13279
496
9692
3547
3548
3595
14401
3551
6327
3527
11867
3555
7074
15672
3643
696
10502
8431
3562
3563
5814
7838
3566
3567
12701
16315
3570
3571
3572
7739
3574
3575
136
7204
10254
3579
1654
15088
322
5112
5600
7372
4180
3660
10517
1074
4156
3824
3592
4668
2172
10150
8194
3597
14039
839
7481
3601
1297
3603
1534
3605
1599
3607
9727
7347
9436
6043
3612
3613
7278
791
6178
14481
11044
3619
7832
13185
11365
3623
12943
2400
2353
738
6060
12869
1811
10215
3632
308
6479
3635
12386
10457
14672
10040
3640
11296
5769
11337
12829
7367
4679
3647
3792
3649
3650
418
10722
11069
1208
515
9165
12252
8346
5965
7232
3661
4904
8365
9584
5641
14424
6068
3668
7452
8254
6375
3672
13930
4255
448
12217
14295
3678
11743
1601
3681
9247
8187
8967
3685
13925
3687
11978
9385
8262
3691
6662
10592
8777
15827
3696
6459
738
5407
13691
3701
5642
13771
6890
11282
11810
12958
2349
3679
3710
2948
16278
7934
3395
12111
3716
5844
15137
13711
15090
6940
6294
12630
2533
3725
15678
3727
3728
4508
9195
9885
3732
13284
8637
16344
14021
3737
14043
13650
3740
3278
11430
4155
3744
14560
6855
728
524
10534
3676
418
3752
3753
2083
7070
12528
7926
5823
9854
6631
12762
16147
2876
15294
15440
7383
3767
8104
3769
3770
8941
4282
356
8900
1919
14399
6165
5196
9444
10319
3371
16298
3783
11047
3895
10447
14722
4312
3789
12529
3791
5407
455
4070
11229
10308
10700
7606
10071
13576
6516
9126
3803
4574
14619
1682
8856
3808
14975
10581
10774
12989
361
15969
6048
10680
3817
2956
5961
5342
6850
3822
24
3679
11161
3826
3827
12552
3829
9085
11615
3832
238
3930
5538
10937
3837
11535
15608
3840
8128
1666
8350
12702
16285
10031
5173
14875
4228
3850
15946
11479
4588
15530
1142
15267
2101
7102
4224
3860
8950
3862
7125
7902
3726
3293
603
15340
3530
4532
3871
3872
4494
14466
16066
3717
6210
3878
1348
12066
2527
1248
5713
7699
16122
9940
3887
7260
11216
14527
3891
6405
12357
3894
13410
8506
3897
3074
1249
1071
10199
9151
4797
13491
9753
3752
3907
636
14284
8245
15101
3912
13965
11962
4926
3916
15312
7643
7452
175
13355
3922
15150
16296
6910
6025
11127
5053
12430
7099
2078
4551
10173
3326
3935
5621
3987
12476
10417
1093
5844
14169
1728
3743
6029
444
1324
1606
5370
251
9249
12821
426
6219
11587
3956
337
3958
13129
1227
11464
3962
1797
3964
13656
2178
3874
3968
1822
12350
3971
7199
7443
16336
3291
1475
1044
9134
15643
2771
12877
3982
5288
3215
14200
3986
6893
8584
14450
16141
5020
3992
14875
3994
5976
222
15212
2720
1449
10291
4001
4516
15104
12468
8389
542
4007
8434
15587
7984
8385
2493
9458
4014
9429
11627
8717
12199
4019
8119
14004
15413
5934
4512
4025
7612
3999
4269
12632
2490
4031
10244
12853
1317
4035
12963
14301
11607
1094
13021
7690
9482
13562
16123
8684
5161
4047
8124
4049
11177
14618
1168
6419
6950
4055
13366
14537
4569
4059
12395
4086
9081
4063
3622
8084
13349
16253
4068
10573
4070
7208
12722
11889
3786
10638
7111
4879
7274
14801
14360
4451
14539
6659
9611
6278
1451
7845
4088
4089
7445
7869
14794
4427
6021
2979
437
10106
4098
12059
4100
4058
1806
9023
3927
12378
16230
4107
264
7883
3631
4111
10901
4113
4114
14993
8509
1791
4118
4119
13409
6484
4122
6241
4124
11564
13142
15852
4128
1457
14593
4131
7312
4133
8902
6077
5721
13328
12098
8699
13764
5819
4142
4143
4373
4145
1437
7624
13395
5363
3618
13240
5626
11500
486
143
10108
8994
4158
1933
7133
15477
8173
2312
4164
12235
4166
7640
3768
10443
14951
4171
12669
135
4288
9612
4176
4177
4178
12232
12986
6991
4182
4183
1667
975
8428
9290
4188
14369
4190
13790
12907
11225
3032
8022
11710
3174
1746
4320
4200
5106
8878
3412
13278
11189
15646
4207
4534
14956
9704
3100
11241
9839
7387
4215
4468
5686
3989
4219
4220
11459
7352
4223
4224
4963
3502
258
2947
907
13164
14171
3938
4802
9497
4235
4236
7111
6547
4239
13816
12216
4242
15424
843
4245
4246
9110
4248
10228
105
13643
8799
9808
358
3655
3262
7745
4258
8123
8948
11733
4262
3197
16299
311
4266
4267
6698
172
4270
3257
4272
7604
4274
13336
1044
11542
1753
4279
4280
10540
4282
2268
4284
8299
7971
14484
7338
8813
4290
4291
7209
4293
1181
4295
8917
4467
9979
2341
4824
13634
5602
12568
4304
4305
5372
14549
7916
8568
14464
8226
15265
14635
4314
4315
4316
11483
4318
6484
11586
12526
1641
13338
6681
3909
5252
14651
2008
12589
7079
9216
4332
13769
4334
15996
4336
4337
13682
7364
1952
2121
4613
7553
14689
9984
5718
6220
2167
4349
3797
14446
1047
2047
9544
7530
13633
4357
5685
9171
10586
12365
13079
4363
4364
4365
15838
10631
15086
12042
1325
7917
9427
936
5214
406
4376
2887
7334
5018
10440
5638
15001
4383
4384
16157
4386
11858
783
3569
9919
4391
1829
4393
5615
3078
9358
2863
4398
8762
2144
13449
4742
15222
12902
15372
4406
13923
4408
8559
312
4411
5455
4413
1601
1248
10668
4417
2006
4134
1618
7023
14573
4423
7255
5639
14345
2728
6421
1529
12646
8249
7144
15723
1223
10006
8100
3366
7070
4439
12841
2204
3587
11828
16126
12146
12140
5197
4448
4449
13746
13387
4452
15864
15752
1136
1097
6390
4458
15709
4460
4461
8352
4463
12029
13669
11079
2065
4468
15198
7341
10314
4472
5957
6679
11536
15962
4477
14779
14901
6648
4481
11235
720
10234
6679
462
5995
2434
5658
3357
15820
5137
2724
571
6234
9113
16279
14585
4499
4757
13564
9279
6822
4504
12377
4506
235
751
1949
6914
4511
12286
4513
4514
1526
5308
10802
4518
8173
158
11522
2023
6836
11983
8017
4526
9269
1256
11373
4530
8704
4532
6392
14096
4535
9275
12625
6825
9169
10825
11581
4542
4543
6348
3720
2018
2340
3954
2768
4288
10867
15053
5814
16174
4555
9471
13986
16332
4559
4608
16008
6783
206
7641
16052
1461
2629
8371
7852
341
1261
4572
4093
7165
10430
14917
2361
393
4579
4580
2252
4582
4379
2733
4585
6206
7146
7020
688
5815
4591
4592
4593
12833
478
4596
15285
10435
425
3508
10058
4602
4603
7207
3713
1314
6874
5173
3943
15245
4611
13024
4283
121
732
11447
10550
15649
13807
10943
1516
4622
4623
1801
13675
7721
8947
4310
8409
14761
4631
759
8886
13661
11193
9310
4637
784
4639
4866
132
4496
6180
7006
9668
10122
5866
4648
6307
14404
4651
5986
7039
4654
9466
152
6303
4658
6888
11094
7818
8689
4663
4664
8384
15539
1251
12693
7563
16011
13451
4672
64
4674
13287
4676
4677
8259
9373
14070
13125
4682
9504
2181
2920
4686
125
11848
13041
5990
1770
11060
11976
8808
4141
12127
15110
11028
6836
6544
4701
4702
4703
3332
4705
15219
5698
4582
11527
13260
4208
8594
13323
4714
4715
1110
468
6311
15179
4720
4721
13592
15814
4724
975
127
15939
12822
13167
5544
4731
4732
14592
7842
1135
7015
11982
13261
5741
6626
4741
3712
12284
9957
2546
1597
4747
14539
4749
14073
14856
4752
2362
6282
11794
3472
6749
4758
4759
1720
2266
4762
3957
1149
3241
4766
4767
4083
703
16062
866
6247
14269
8707
7381
4900
4305
4258
4779
4780
10640
10930
4783
4784
7969
6539
4502
4788
10515
8135
2656
8203
6606
5018
4795
4796
14484
2015
8489
4848
3734
4802
10754
8804
4882
4806
13994
12887
5585
13672
13752
11831
11556
6074
2827
71
10378
4818
7084
10710
4923
15053
864
4824
4825
9425
4827
9183
8998
12080
4831
1001
4833
15603
713
15484
1233
4838
9201
3947
4966
3571
12751
9848
1180
9253
15432
14851
6620
10878
10023
12693
13704
10093
6687
4404
4419
11609
3072
5282
4649
4862
12254
14280
345
4866
13254
4868
13498
1057
12353
14731
4873
4874
10258
16299
3312
13828
12665
13159
15007
5533
12206
13474
12152
4886
6699
7112
8461
4890
4019
820
4893
4894
15147
8422
4897
5238
10371
11493
4901
10520
15020
7362
4905
8415
15364
4231
5528
36
199
4912
4913
3874
10293
113
7186
7736
4919
12778
3960
6359
1926
16166
3448
14078
6480
10559
6154
10498
4931
11378
4933
4916
2535
232
4937
15286
4939
4940
14027
10751
13921
5004
2781
12900
9234
8308
4949
12936
4951
9432
4953
12182
6844
9545
2983
14580
4959
5938
4961
6942
4554
7863
6723
8001
5556
13203
2175
11709
7316
13552
240
9851
13783
15526
7493
4978
8149
4980
13062
4982
12497
10929
9578
5346
2853
6129
14778
15034
12972
7938
1632
11167
13875
8573
4997
15720
5353
15296
7336
5002
10909
12114
9510
6233
3045
6678
6473
12895
4076
5614
4004
12225
2291
116
6769
11868
5461
9621
1612
3854
8270
5024
14584
11791
9901
9366
9281
2090
5031
8702
5033
5034
14634
1001
16037
9158
13114
9163
15390
5042
16158
15840
5478
12669
3531
11091
288
15755
13382
403
6140
8865
5055
5863
15760
10477
9717
7646
8676
5123
1162
1657
14404
3251
5067
10358
12653
4251
10011
5426
980
2789
4431
754
2244
5078
9909
5080
5081
5082
13422
5774
4615
13709
5145
1612
14111
11284
10477
3589
10659
4569
13305
1920
5097
5098
13244
5100
2044
3082
5103
14900
63
5106
6332
8874
12715
5110
10583
2500
1756
11562
5288
6186
5117
12315
7531
16094
9352
13304
4325
6676
2064
5126
5127
5936
5129
4402
5131
5132
13347
28
7991
7622
4596
5138
5139
5140
4911
9541
1455
6954
12622
16355
7016
2570
8844
5150
3346
13152
11343
5154
5101
8329
246
11287
5159
4260
7776
10996
13611
4695
15320
3903
6759
5168
4872
5170
5171
5172
5173
8304
5175
5176
5177
3721
5179
4899
16294
11342
9495
4821
4499
10949
11774
736
10919
2406
3305
3378
5193
5751
72
14720
10852
8401
14965
5200
5754
12660
6356
365
9886
11051
15685
13788
1425
4172
5211
5708
5145
5214
9070
5617
103
2180
10437
4601
13129
5827
5336
5224
7663
8232
8641
11041
13982
8712
9376
8449
728
5234
7957
14202
5237
13387
14312
5240
14567
5242
6889
8978
13867
4292
10402
5248
1654
9999
15547
10723
15616
15649
5255
5256
12903
9668
3865
9647
15494
9200
925
7341
1456
11965
4939
10168
4957
13387
5271
10895
5273
12913
11205
7898
5277
10840
9387
14786
3434
6869
2693
13835
8522
5286
12692
12997
2860
5290
11923
5292
12261
15762
5206
16125
9024
4316
8941
9949
11656
10396
5303
5529
210
5306
4179
5308
10485
13597
15074
5312
7013
8417
6587
1469
5317
1419
5319
4988
4902
8287
7680
2352
424
3987
15349
5328
3283
15909
11225
2661
5333
5334
4731
10966
11684
9046
3522
5248
5341
4317
13917
10777
4527
5346
1712
5348
4877
1739
401
11890
10155
6987
5355
13358
11573
5358
11974
1875
3475
5362
3269
4226
5365
3898
7256
3190
7180
6780
14415
9840
11510
8996
5140
4171
5377
5378
12517
10387
8488
10049
4779
13014
11760
9656
14752
12160
5161
8522
2762
2134
3710
5394
5395
14735
4008
5398
7184
1620
8233
11081
8875
11423
1876
15654
9453
11716
10780
2064
471
14950
5413
14580
5415
10857
7053
8244
5419
15636
5421
3682
5423
3620
8907
2049
15779
14067
10570
5430
5431
2157
16200
5434
14279
507
3823
5438
5078
2126
12055
5442
16158
11000
5445
5446
7093
1650
10270
161
13365
4665
2224
13835
3230
5456
419
8307
10283
8663
7558
13964
5463
12282
80
5466
16013
11676
5469
14146
10198
13832
13961
8093
14339
1399
5477
13170
5479
80
13454
5482
12944
11080
4162
14593
4965
4323
11573
9629
6546
9023
12858
5494
6965
945
6756
15627
8503
4336
5501
5502
11524
8582
3964
5506
6815
6344
14161
4263
3920
5869
5513
2217
5515
5319
2655
2296
2388
15598
13375
6549
13806
1955
10871
5526
8994
5528
11583
5530
1033
1632
5533
8057
7997
5536
2576
14812
5539
7239
11078
2763
2378
3276
6726
9192
9619
5548
4503
5550
13454
13538
10371
5554
15670
5556
2472
13025
5559
1582
4859
12238
14956
11408
5565
9659
5567
5568
527
5894
2268
12109
6926
3899
3781
14922
5577
6475
2209
5776
1168
4971
8153
5584
5585
4443
11697
961
14061
16199
14414
5592
11215
10185
13700
13686
6826
15281
2161
5600
2679
13852
13568
12338
14378
3077
14605
10103
10003
2120
13883
8540
5613
8594
5615
16091
14316
5618
9761
4678
6084
14204
5623
16374
7044
11880
16188
5074
6710
9988
5631
2389
5633
4012
429
1285
6172
3108
15136
5640
3355
15445
13130
6431
13665
5646
6848
5648
49
15784
5651
4346
8589
7993
4053
6520
1370
8730
12603
5660
5661
15573
8719
3263
11068
8522
8336
1394
2125
10724
5405
2554
12008
11576
5675
5661
5677
10759
14930
5680
4721
7504
4976
5684
5685
5686
5687
2001
14351
5690
5025
1401
2313
13613
9393
6365
5697
5698
5699
5700
3748
10762
15094
5704
16350
9950
7428
3228
5709
5710
4634
15949
5713
11563
5715
6027
1689
5902
11431
4242
1525
6622
9902
5724
12284
5167
14622
3403
10142
239
1370
15166
1639
5734
3682
12394
11031
5738
10046
5740
16141
5742
5409
8755
16107
15358
16182
2950
3607
15746
14513
9633
1050
4030
4679
5292
5555
11300
5759
15193
5761
1454
82
13431
4856
5766
10224
5768
13669
6225
9005
15307
9906
5774
5015
9953
3567
4771
15361
5780
12321
4493
5783
14335
5785
5786
12118
7443
1557
11479
5571
11190
12529
9600
15868
5796
1436
5798
5799
15154
5801
10784
244
5804
5805
223
10865
13674
5079
4704
10958
11303
13709
5814
9880
4825
2339
5818
3449
8391
7109
2425
4328
11602
375
5826
61
2660
1932
11540
5831
5832
8230
13121
7684
1445
12604
9119
215
5840
5841
5842
7003
9362
437
1484
6652
5848
5849
5515
6187
5852
1225
434
3511
5856
5857
5858
11105
5258
5861
5849
14553
5864
13648
12958
593
1591
5869
8175
968
1652
10834
2899
13191
2679
5877
16019
4490
4123
12238
5882
13608
4337
2857
6585
4774
4340
13236
10288
5891
10526
14461
10721
14037
9181
15978
3501
7349
13242
74
7941
5903
14832
8248
5906
5907
8908
99
5910
2697
11806
13289
5375
11440
1394
9498
5918
7294
15001
5921
13834
5923
10150
5202
2223
14489
2053
12511
8630
129
6847
6282
5934
9309
6441
9783
5938
273
3298
9856
8214
5943
1745
1720
737
1844
4416
12543
5950
15132
5952
9791
7598
142
2904
5957
5958
14891
5960
15142
353
5963
8656
5965
5966
5967
3959
2576
6760
5971
6012
15086
15390
6140
5976
5548
5287
15449
11988
15069
5982
15721
15285
8541
7550
646
10260
8287
2489
5991
14675
4445
5994
1236
8081
5997
12042
1377
6000
10984
10549
6003
135
6005
11337
6007
2820
6009
4093
13912
9580
10104
12613
6015
8585
16244
1776
13871
15308
13764
12556
6023
14644
12664
4712
5810
13309
14971
6030
14096
6032
15797
13261
2156
649
4958
14197
2025
15941
8361
2159
6043
10893
6045
11181
6047
6252
8420
4376
6051
16355
4648
12960
16214
6424
10446
15137
3803
6617
13397
82
11328
2822
13391
9914
533
12803
6791
6070
2688
13451
11748
6074
6075
500
15476
11304
8861
1250
5813
3657
7501
14232
8032
7472
2496
4607
7301
6090
8919
15052
6093
6054
12721
5285
3066
12802
228
5887
9808
10142
6419
6104
6227
548
9106
3293
12295
6110
9605
2384
7214
2081
3634
6116
13026
6118
5737
11134
10874
13768
2221
6124
13369
1990
9522
5903
658
15575
6131
2239
5942
6134
2256
15040
6137
6169
8142
8464
6141
16310
14560
14690
473
7281
1598
12767
501
3982
3597
2582
7615
238
6155
8318
2364
6158
11111
5702
4585
8095
7691
14106
6165
13997
8348
13296
6169
6170
6171
16235
6173
6174
14289
15551
14891
6178
4074
7308
6970
3999
6183
5483
5275
6186
4472
12763
6872
6190
854
13263
10853
4450
15844
6196
2083
4688
6199
7778
4447
15798
6203
6204
13479
9031
7509
4785
6209
6752
5121
13133
3663
4972
11037
2829
6217
6218
3478
15110
10136
6222
10447
2725
15618
15721
7196
6228
11996
6230
6208
8049
8874
677
12499
8334
6237
2759
802
16111
7205
215
13205
16235
7723
1605
6602
12844
14737
6250
10264
1431
9390
6254
13092
4908
8115
6843
15354
10839
6076
14690
1650
1687
4513
9699
10561
5189
5813
2510
7948
6614
6273
6274
2236
15152
6277
6828
6279
15440
15003
14551
660
5220
11010
15397
15484
12440
8402
12191
963
6292
132
2650
16316
6296
10971
6298
6299
6300
8725
14621
6303
12620
10412
2749
5934
4588
6309
7938
11746
7097
15885
1975
9332
14652
8803
8387
13270
6969
6321
9046
2106
6324
1594
8058
1205
6328
14033
6330
75
13395
14995
6334
207
16044
6337
14926
11177
6340
8385
13162
6343
7412
2412
15910
6347
13346
6349
6999
7463
8707
14095
6963
10682
7042
5231
3100
15428
2116
10068
8089
4221
11661
16147
6366
6367
6368
5425
9309
16221
6372
2436
6374
7919
6376
43
2095
6460
11219
10479
6382
3237
2247
6385
12890
2762
15592
6389
6390
3504
10225
7914
1214
803
2211
8255
6398
6033
5310
7298
8149
15377
15387
12369
10653
15149
6408
6409
1410
3577
14985
3845
11495
6415
15028
5939
6418
1570
9862
34
4806
12108
12923
7568
11315
6427
43
1408
2845
1256
2210
6433
5055
9511
8243
10365
6438
424
7
6441
9357
15810
12375
3626
14574
13784
7202
13175
1244
6451
2313
11818
6454
7183
3882
5295
7216
6459
8688
1019
3754
16255
12333
3796
1278
15177
5052
3487
3848
14562
11729
14212
6474
14985
11735
7184
14411
7726
10809
12600
5125
6483
1627
9390
6369
3939
4823
13551
6490
7820
10118
6493
6494
4382
123
6497
11136
8135
16377
6501
7084
11931
1270
5877
598
4757
6508
9724
15159
101
7551
13759
11836
14734
11785
3177
9159
8001
8301
10785
1006
14669
6524
14723
5829
11835
6158
15946
6530
6531
16216
6281
6534
6535
10697
7967
6538
6539
6273
6541
1396
3513
7543
7272
4110
12299
611
2884
12399
8161
258
7850
6511
12043
11026
15669
3659
2943
10069
4664
6562
1227
8407
10492
13062
14564
10053
6569
12893
4460
4365
4475
6574
10733
6576
5761
7987
1891
6580
13032
12096
14189
13643
14979
6586
6587
10203
5419
15237
1669
11929
10895
12694
11213
14553
15636
4897
2832
479
6601
13303
13324
13540
11483
6606
6992
10048
15942
11357
14523
10290
733
6125
6615
12180
13764
1837
9984
11022
6621
431
3803
57
15667
5471
6627
11985
10177
1780
6631
6814
8345
1032
11710
6636
6637
6638
6639
11177
1510
8629
8116
15049
6645
3727
15107
8712
3284
6650
10079
6850
13574
10811
12975
9369
8191
14811
2969
2828
15241
6662
6771
2884
6665
14524
12241
6668
14869
8316
6671
14020
6673
6674
5298
277
15051
623
11453
176
6681
9251
3184
15224
6685
12977
6687
1906
7552
16261
11985
6692
6693
6694
14401
13450
6411
10991
6434
14601
9417
9402
1045
6704
8274
6706
16172
6708
3928
6413
12028
2412
14728
6714
6715
9664
7709
6718
15004
8330
8332
10072
8506
1198
13255
7345
6727
14175
15161
14896
14051
6732
10761
12913
11116
787
7519
1165
15388
6740
552
10567
48
6744
8825
10354
3975
15237
5998
6387
13580
6752
15661
14095
12200
7606
6042
5887
16111
7240
2758
7072
5030
1534
5583
2696
6767
6768
12294
2111
13811
6772
6773
13080
9630
14975
12083
10181
9157
12130
2621
3127
16105
1473
9124
6107
15052
8400
3817
10867
16005
6792
9859
6794
370
15732
714
3127
6419
5743
4660
12001
8438
6804
6805
569
14112
6808
5864
13648
7357
4454
9347
1153
6815
13611
6817
5092
6819
3773
353
4812
5245
9476
10918
3912
1491
14735
14779
6830
1111
8209
15148
458
8922
1890
6876
6838
14664
6549
2493
6717
7117
220
12580
4380
7576
6848
649
6850
13726
6852
6853
6854
8728
14259
2434
12500
14611
7245
1360
7702
1779
6864
6865
6866
5271
9192
129
3665
10303
8337
2428
10760
6875
874
4317
1252
15537
6880
6881
10865
3744
5869
6885
1597
6887
3963
2064
5977
11538
2712
3318
3881
587
5751
16380
6898
15197
12996
1355
6515
6903
14774
6625
6906
15706
14902
10290
6910
6911
9624
6913
6854
6915
12717
4000
6918
6919
7727
6921
650
5251
6879
11514
8994
12747
13111
12956
14810
2703
8109
6933
6934
6935
6936
1137
6020
11989
1723
11771
11984
536
8382
13338
7050
6947
6771
3578
6371
5288
6952
13867
15995
12141
10200
3610
3483
10849
6960
8860
10361
5978
1469
6723
2704
14424
5148
5406
6148
6284
11426
1752
8007
6812
13735
8542
6978
6979
15193
6981
10688
6983
15591
5579
14265
5577
6988
10866
11748
5187
6622
5563
8796
10104
27
1271
4080
6999
7000
6004
2739
10802
8708
7005
7006
778
7008
7009
15949
14113
7012
7013
6925
5848
7016
9154
7018
8676
13854
15965
6026
6011
7024
14773
329
7027
7028
7029
5217
3967
14594
10794
14832
9957
15980
5069
15519
8392
15172
15545
9662
7043
2867
5164
12401
13668
13871
13178
13232
11600
7052
3719
2696
4369
12394
165
3950
2036
6176
2338
2364
11392
6305
573
5801
4752
10529
7069
5397
9821
7072
9663
13788
8608
7076
8823
7065
11475
7080
13987
7082
3081
8758
11473
7086
16259
5606
6688
3593
7091
8301
11057
15986
8465
15006
1637
14640
959
4001
9648
7263
4573
15448
12015
15102
7107
4460
7109
7110
7111
5451
8380
1863
14058
819
8928
9148
14805
12008
1522
7122
9893
11882
7127
197
15474
7128
15427
11253
15076
7507
9874
328
5763
10832
4328
15410
1711
8901
14473
13725
7618
2549
2791
15997
4411
464
431
13338
9612
15235
8962
11133
8744
7156
4459
7158
1875
8940
7161
3549
917
3808
7165
2240
8423
13681
2567
14185
7171
8128
6895
13210
7175
7176
9838
15795
11299
7178
7181
7028
13847
9968
6640
1873
7187
10432
7071
7190
15211
7192
3659
5921
7788
14791
14664
12246
281
7219
15794
1197
7203
7204
11026
1649
7207
9619
8322
4216
7420
66
11110
4245
9903
7216
10520
15543
697
7220
1163
13005
10664
7802
14878
4711
14872
7228
13704
8369
4409
5107
6775
2688
968
7055
9907
7238
378
8251
4548
2026
1486
12870
6241
8905
12935
966
13149
7250
6453
11485
7253
12308
7149
12647
7257
7258
8928
7260
1429
4065
7421
6139
2552
4740
14508
6960
9846
4898
9648
7272
10814
11953
3170
11191
7277
3819
7717
13216
5304
4202
7283
3073
14208
7286
752
4038
10973
7205
15523
6896
14353
11785
15823
7296
15781
15849
6860
7300
5536
2017
7303
11599
3659
8976
5061
8556
7309
2239
15874
4124
5408
7314
10680
7316
7943
7318
13125
7511
13246
942
10583
11070
7325
7326
1694
7328
14621
5658
8898
13759
7333
7334
12553
7336
6866
9159
11991
6263
7341
7342
8624
2466
11798
10640
14065
15456
3231
7350
2741
7627
7353
5470
2230
11751
10877
12909
7359
3309
7617
4035
7363
170
8559
14618
7367
11239
10252
12854
7371
512
2765
10228
13064
9630
7377
3002
8671
15892
11625
11136
11305
5880
8816
7386
10376
9111
11556
1619
14580
13785
7393
13369
9072
10309
293
305
14344
462
8863
12577
11701
7404
2730
9046
12212
5494
2889
7410
8892
15123
5890
1178
14631
1131
12313
7418
7419
9551
7010
4745
7423
3543
16120
16300
5161
14315
13701
7430
2145
7003
7625
2437
7307
7436
5584
2898
16169
7440
1776
14598
2514
10821
10426
8007
7447
7448
13709
2933
6745
7452
7453
7454
3215
4110
4991
4345
38
14542
11354
4782
1700
11090
4698
6860
9020
2014
7469
9004
16022
7472
9638
11440
6944
15222
14337
6728
613
12551
7481
9241
11434
6592
863
8758
9524
7608
7489
11972
13633
7492
12598
16316
13670
7496
10755
7498
11286
2068
12454
5991
6765
2929
15010
8778
11932
14648
2031
6987
5207
868
4940
11935
1481
1106
7517
4791
7519
12914
7697
5654
5287
836
13261
875
14468
9474
7529
7530
806
7532
11753
3845
12091
13820
16298
1697
4200
2843
323
12977
14774
14970
15008
5377
3792
7548
15875
10316
15726
971
11421
4133
13884
2733
9786
2787
3568
6662
3661
1651
16135
4466
13403
3595
173
10839
3509
1869
7571
7572
15038
6351
2191
11631
4740
7578
776
10254
10116
4568
7583
9744
7585
4047
7587
3909
10715
7590
7591
15467
8041
7594
8214
1815
7597
1442
7599
11000
5382
8103
14660
7032
7854
2742
4051
7608
7609
11448
2914
7612
14889
14956
4782
7616
7617
13542
4922
6973
8788
9662
7623
7748
7625
7626
2657
3393
12315
12401
7631
7632
7440
16224
6731
7636
7637
6522
7880
14944
8337
9322
9560
13718
7645
1040
7647
7835
4366
7650
8893
10576
8416
3957
13489
6920
7657
2528
7659
1887
7661
4077
7450
8859
12865
727
222
15521
7669
4119
12537
11537
7673
7674
7675
11558
12376
1883
1696
3871
443
10032
13192
10002
7365
14232
1452
7688
11730
6740
12028
3761
10696
9132
7695
10680
13224
11018
14757
4289
7701
3492
11237
5015
3714
7706
10373
9133
7709
16250
5526
4307
12241
7714
7715
7408
6002
7718
16111
7850
16033
12919
1467
7013
10766
2919
2359
1121
14946
6119
11817
7732
7693
415
8656
2327
7737
15171
12944
5818
7741
10023
1574
9531
4011
10706
9396
9536
15012
5252
560
4629
7753
7754
4979
8409
4277
1513
9876
11290
12278
12794
13648
7764
13398
7766
11355
3382
8830
2663
7771
3796
1101
4989
7775
2582
14044
10807
12604
15617
3953
231
7783
9939
13349
9766
7787
8566
7789
7790
2216
10325
13195
7194
2350
1087
8706
12225
7799
12376
7801
4599
8634
7804
9639
7806
1613
7808
3604
13021
10442
6266
432
11543
11255
3014
9202
5677
15617
8435
9629
15847
1989
7824
6593
9229
10554
8809
3169
7364
16002
5518
8451
8324
7835
1358
7837
4442
12922
7840
9991
14081
14534
13594
10717
8592
3476
11148
3750
7850
14730
14161
12951
4022
13394
5001
13650
7858
12856
7860
7861
6989
3859
5700
1159
12667
8869
8522
12284
7870
14386
588
7873
4223
15744
5030
761
9350
2726
15294
7881
7882
6560
13442
7501
10035
8205
7888
11250
8380
7891
5982
7817
12401
2991
12817
9666
15846
3422
13524
7901
5162
4580
9806
14030
13101
7907
7908
5706
12031
7911
13689
9928
11390
2334
10688
4356
5059
9598
10915
2116
7922
714
4565
7925
7926
10320
7928
11964
7930
12944
16301
3396
8960
2907
16212
2241
7938
2369
3249
15765
7530
7943
7828
9186
5175
4545
7948
14891
821
1849
8435
7953
12211
4182
2738
182
9240
7959
12335
11096
11355
13049
15660
5290
8628
12219
7968
5207
12023
4794
8113
11850
7034
10481
15099
6414
1626
7979
6542
15600
7982
6800
11086
14106
7621
12934
6156
3447
7990
7991
7992
731
8894
3628
9970
4844
14723
7999
8000
8001
4940
1508
13998
8005
10230
10135
9832
8009
15436
5773
14625
7164
1239
5274
1261
16337
11688
2886
6494
8021
8022
8023
10903
9686
8026
1196
8624
922
14129
14780
4368
14860
8034
7289
8036
7995
8038
8445
8040
12132
6333
13385
13640
3946
7230
7390
13777
6281
13163
8051
12017
13444
8054
8055
14401
906
14704
14353
8060
12593
8062
1206
4462
8065
8066
7111
10891
8069
5657
15735
8072
11812
3402
8075
14130
16179
8078
1877
5034
7789
10321
781
14121
8085
7321
8087
14420
1682
14550
5426
15458
4446
2204
11090
8096
8097
8098
8099
8100
1506
220
8103
11995
16209
14572
8204
1030
2649
15314
8111
11920
8306
14664
7347
8116
11707
12409
7141
13583
1058
14929
7519
1839
8125
12665
14840
16258
14346
13005
5299
13419
1067
7502
8135
8124
2572
7721
3735
8140
2396
5908
11938
8144
3426
8557
10867
8148
15345
478
9147
6308
12184
5171
8155
13448
8157
9382
8159
8160
6229
11993
516
8067
8273
8166
15355
7940
6235
11976
13239
3269
13042
4356
11393
15613
12077
15127
1624
1600
10680
8182
5049
10156
5162
4010
10633
14308
10317
6432
3095
7380
15813
9323
2988
16329
1005
11261
15299
8944
1111
10890
5798
4379
7547
10154
15771
6775
8209
5846
14513
8399
7445
8808
13447
1217
13970
1072
8219
11849
8221
11893
8223
11388
1897
14987
8227
2384
1325
7925
8231
5371
1269
8929
247
184
1489
8238
1357
11073
7286
5736
2236
1055
5122
8246
9010
6900
3251
1024
14345
12058
14471
15561
9643
15542
8257
11025
5152
10546
12921
3754
8263
12929
14246
11679
1915
15514
4223
8270
2162
8272
15697
5711
3518
10386
8277
12997
9253
8280
12621
14051
14375
5246
4567
1241
6270
2527
13298
8290
4356
1703
6557
3513
12727
11708
8297
14058
9264
15461
10602
7125
10755
8304
12517
6254
14978
14678
5567
4304
1811
15952
916
11064
12188
14967
9054
1049
3149
10294
7318
5675
7207
11673
8325
7377
13763
15186
3719
9086
12859
12982
8333
8334
8163
7077
3722
2533
3209
9976
1126
1502
8343
15542
5430
3312
8347
15109
6345
14375
10912
4927
7044
8354
11960
8356
8075
953
2894
13749
8160
14566
4741
5538
13367
8460
8367
14624
9842
8370
5057
6402
8373
534
8779
8934
3742
2370
10060
5243
1527
15489
8554
251
5449
6545
11162
10376
13588
6737
2066
14541
8393
9630
15815
6316
7812
4171
11853
8400
4794
12630
10092
14635
1303
109
8407
15168
10081
8410
9043
8412
2525
12450
2718
7767
8417
13976
1822
16321
14226
7270
8423
6481
9003
1261
3684
15739
3327
8430
1840
8985
2757
8155
8435
8436
412
8438
8439
6927
3624
5205
3173
13715
3456
4475
13824
2239
14555
6482
4764
10620
9199
8454
12530
8211
11020
12466
6052
1905
2562
15054
3166
6246
14408
8466
8467
8468
6492
8085
7008
9248
16240
7419
8475
16174
3479
12624
8479
2962
8481
809
8483
16079
7436
14632
1933
5606
4729
8490
6696
16225
8493
8494
8495
13927
2842
8498
8051
8500
8562
15307
14102
8504
10467
1485
12771
13632
7730
10795
8511
3739
15814
1418
12986
15669
8837
12775
2763
5076
15737
3572
8523
4770
6788
8526
1819
6702
8529
12394
6548
13398
12234
4090
16239
8536
3901
12652
15161
1618
6734
261
14389
3981
7990
8799
8547
7719
7420
10216
4320
6704
2668
8554
710
9467
7743
62
13038
8560
12512
6850
14856
8564
2830
2859
5019
8568
16227
15092
8571
8572
9109
8574
16081
2608
5376
14857
8579
8580
8581
4226
12109
15118
2230
16089
6723
8588
11028
7423
14142
4859
11742
4462
7527
12451
13928
15269
8599
12513
10581
11397
2978
9052
14226
5836
14071
14068
4543
6795
8611
8612
13764
7151
12170
12236
11376
7894
10969
13605
8621
7598
8623
1308
8248
15020
15449
13106
10377
3526
4248
8632
8633
8634
6443
1069
3133
2571
11649
14529
5548
4317
12370
11383
2003
10053
15926
8797
8649
7432
6692
4582
3283
1683
12475
14252
8657
15287
3688
8660
15559
7150
2323
14623
3871
8666
8667
12699
1765
8670
8119
2757
2833
11251
5328
14482
8677
9395
10875
2414
5380
5874
4416
15432
5415
13212
6479
12106
8689
1409
9761
13788
13883
7628
12690
1186
6802
3455
3508
5041
7325
8702
16206
6805
15443
2578
9637
8708
10309
7905
7734
3319
2396
10147
8698
8269
14562
7745
8719
13683
8721
11389
14223
9404
12797
7600
6807
8728
10295
15227
8731
3112
11480
5645
6566
14987
8737
10685
13890
14808
8741
1105
12949
1002
10741
8746
8747
6873
8906
2091
10192
8752
11301
12237
2505
3185
10415
10250
483
5419
8088
9886
1832
15687
8765
8766
308
12126
14530
8770
3419
7222
3790
9984
5824
14474
7490
4248
8779
15578
4054
8782
5249
9934
10926
14154
12024
4733
9071
7877
8791
7238
12255
8794
1907
1103
12738
7325
9190
6239
9156
8493
6547
4898
6638
9965
12119
10427
3565
1558
8516
8812
8813
11054
5805
8816
7709
15107
8819
11053
1258
9648
13282
8824
8825
14381
1509
8828
4774
5234
13763
8832
6680
8834
6336
10116
14004
15525
16355
8840
8841
8842
6776
7633
6517
11673
14270
97
7407
8312
3661
8852
8964
443
14714
14769
8151
13436
9437
9409
8861
8862
8863
6700
1875
6306
4696
3383
11079
8870
9929
762
1374
16264
10877
15377
15404
10847
5768
6653
8881
979
1056
4538
8885
1076
8462
8888
12850
4736
1042
13292
3066
15810
8895
5059
117
8862
14467
6816
10737
4388
8903
11511
8905
14119
15466
5055
8909
14880
455
4934
9373
15831
3954
3835
8917
5215
10606
4814
6270
15143
8923
5889
8925
14732
11608
10624
15773
8516
13689
8932
8933
15198
13574
13806
7675
8938
8939
11656
8941
8942
4237
2027
16043
15748
16146
8948
8949
15124
4418
14641
15578
9352
7629
8956
15024
8958
8959
13305
11464
3854
7526
8964
16277
10124
6284
8968
5781
8471
1508
20
7859
10023
13709
8976
6672
8978
7212
11130
14346
2483
15366
16373
2141
14729
16134
880
8989
2763
14390
73
12114
5635
15096
9034
714
2566
175
606
12689
6458
6386
4775
7965
6405
12633
9008
1603
3729
2920
8814
14858
881
11296
9016
13840
869
13436
12184
618
14315
9023
14946
15008
14387
10675
4258
9029
13099
3324
9032
4971
9034
15664
3498
5576
11968
9956
11961
358
1536
1981
12990
9045
9046
3139
5710
15909
11952
4183
405
6864
1638
1274
3915
13822
1891
9059
9060
1846
12383
514
16232
6674
9066
4771
12946
9997
9070
9741
12225
13495
9074
15316
9076
7808
7066
10892
8165
8601
12873
4770
11739
2198
4294
7307
6380
4699
14170
8018
5972
9093
1700
5455
7862
3545
1453
8376
3393
9101
8126
13146
16338
9105
9106
1739
6503
12179
15233
5434
3602
5914
16326
11767
14514
12814
152
9869
15011
9121
4446
9123
791
9125
9126
9127
5006
9144
14960
13023
15115
275
2093
6592
9136
3820
3546
14967
7212
9141
9142
11671
9144
11729
7165
9147
13409
1847
2959
12257
7280
6561
1786
7221
9156
9157
1943
16300
3650
2094
9784
2276
6539
9165
9166
10574
7282
15682
9149
3920
14412
9423
9174
6013
4620
13242
9558
3202
4069
4844
14930
11234
1869
9185
392
14192
14125
7672
4368
15911
14892
6310
15826
2158
8404
9225
4433
14942
3414
11714
9202
9203
9204
14240
12562
9207
9208
15634
12267
5600
5262
502
2458
14819
3704
9217
6526
3278
2249
1375
5146
2641
15567
2887
10312
3550
2413
8819
9860
1854
10976
1879
11078
15409
9236
436
14491
10738
9240
14675
10668
9987
10558
16267
15248
11059
2340
13682
14762
9251
8866
576
627
10240
5721
3267
9258
9259
9422
8607
13578
9263
12972
11019
6012
6447
12872
604
9270
8325
7565
16012
8760
9275
5671
10365
7051
16338
9280
3968
1224
9283
16221
2831
12282
2176
9288
9289
129
10660
11041
704
11286
4897
9296
9297
6424
14552
9300
14318
15031
11745
10905
9305
9665
1372
967
6153
1975
9291
9312
13717
1602
1667
3004
11967
8717
2957
15934
9940
9322
9323
2793
9325
2380
9327
5837
4969
2508
112
16009
3211
11397
4521
9635
9337
9564
9339
2455
8281
4924
13359
1561
9345
6296
9347
14326
7713
8270
7232
5046
9872
8898
8049
5454
9357
1230
11005
9360
5003
9362
11169
13798
7382
9366
9367
622
9369
2382
9890
733
9373
2006
13100
9376
9377
12130
9379
9380
6527
6350
5309
8981
9385
14630
10233
5955
16191
9390
144
3896
7519
8413
11128
12564
1900
3641
4228
7353
4871
15233
12355
16039
12646
3353
9407
276
15027
13242
9411
1009
648
9957
13138
7174
16307
9418
2062
9420
16154
14552
12294
9424
5725
9426
14358
12437
9429
9620
5493
4466
9433
4363
9435
1672
6365
8004
5900
13718
12874
4748
9443
9688
12528
1009
13040
12804
16035
9897
13812
298
3470
10565
7472
9456
3392
12626
7241
1559
8536
12965
15917
4588
6201
5025
9467
9053
9469
10563
6696
9472
9473
15418
2182
12595
9477
12751
9479
9480
9481
15055
958
6054
11199
1966
9487
2710
7618
1616
12606
5045
1914
9494
16075
15609
9385
3082
11850
241
9501
4641
4001
13206
9505
4173
8589
9508
3022
9197
1257
13584
15892
9514
290
15766
12103
13040
14436
13060
9521
2710
9523
9250
15026
5419
483
257
1640
5527
2170
1331
4751
9534
9535
9536
9537
11554
4412
217
11795
9542
9052
4217
8616
13224
9547
12805
11637
6036
14062
8836
5544
14351
8217
1262
9557
11007
6269
14321
13716
15518
9563
12962
9565
2750
16001
13219
4389
5143
15388
5719
9894
10558
10131
10110
5968
9578
2798
14326
14583
9582
9583
9584
16022
10747
9587
9835
5673
8424
2286
11216
6390
10503
12477
1012
9597
387
10414
14727
15904
6991
1092
15520
3825
5481
4279
2829
11199
14172
13386
9612
4945
9614
7897
9616
2969
7743
5838
1167
9621
7380
9623
200
11001
13052
8623
13286
7884
15013
9631
7404
3976
16024
7790
14389
9637
14367
7310
4996
15458
9642
6445
9644
8820
4554
10723
9648
11648
15753
9651
8510
8649
9654
4313
22
11617
12055
5860
12783
9661
3050
9663
9664
6059
7399
16102
9668
14682
4301
7601
13310
9673
11704
11576
12949
3110
9581
10931
9680
10419
14576
10005
479
7011
14558
9687
11202
2275
13926
3327
9692
10923
1855
3349
6156
9697
13909
9208
9700
2554
575
15266
9953
292
13563
14253
7892
9709
10488
9572
3083
7053
12681
12663
1599
9717
6715
10854
9720
11603
7194
9723
9724
1481
9726
9777
2011
3755
7318
5337
14677
9172
8685
4448
6697
1508
7002
7271
390
9741
9742
570
7562
13952
14822
15453
9748
8056
8009
2151
15108
4306
14814
322
11020
9283
11925
1829
10763
5317
9762
9763
9764
9765
3839
9767
14517
12634
9176
12810
5422
9773
1476
873
12118
2984
7874
3004
3373
9781
9782
8443
9784
10565
9786
940
6880
9633
8995
14889
11783
7718
2810
10212
9796
9797
8040
9799
9800
13829
3111
3580
15658
13873
9806
8896
3112
12006
9810
5145
12287
8431
10566
13763
9303
6299
362
793
9820
9302
3734
9235
3482
4673
16115
13114
13668
14619
9830
8513
9832
5001
9834
9835
1044
2340
13040
14872
5450
9841
9842
235
9844
14145
2939
9130
9848
873
14944
14275
13159
9853
6990
9855
8456
10537
16292
9859
14755
10898
700
7672
14631
9935
11154
2920
9665
7883
9870
203
7899
11
5203
9875
8942
2351
1859
7429
7800
2093
5190
10738
9884
9885
11223
6062
9888
9889
9297
9113
2836
16286
1184
13373
16194
15938
9898
9899
7886
9901
509
7226
6133
10443
1995
9052
3723
9877
9254
11621
9888
9913
9914
14456
4178
12238
16314
9919
11607
9921
3653
2023
9924
412
14391
13245
6473
9929
7303
5973
9308
7205
7156
6296
7014
6710
14182
7522
9940
13935
3930
1581
15929
12981
5303
9421
5850
540
2924
3921
4717
15161
3851
16323
2430
5873
350
436
2733
6822
9962
7738
8705
16130
14942
15860
6041
5571
6185
3838
13093
3735
9974
7767
14673
9977
3279
4363
9980
3591
12700
10212
4130
15623
14133
8847
14400
1599
8785
445
7471
9135
9994
9995
880
10203
15956
9999
8617
10001
2523
10003
15701
7175
1998
10007
5358
12745
10010
8183
9195
9453
10014
11917
578
7741
15196
10019
10020
4940
11332
11511
15152
15461
10749
12900
7923
10029
8764
14498
324
10033
9208
5584
9458
10087
15786
9029
2320
1924
10042
8346
9494
3921
10046
13703
5854
12103
6513
15307
7636
7090
6663
6447
10056
12030
1610
1573
10797
687
12321
7312
8609
4701
5425
8932
13908
10069
11008
2005
7611
10409
11034
9930
12332
2995
3039
16252
313
8892
11971
6825
7814
3222
13915
10087
14477
10089
10090
9668
9560
16086
11240
3972
388
10097
7176
11283
8997
11876
10102
323
10104
1544
9400
11330
3549
10109
10110
626
5354
10113
14582
10115
10555
10117
1301
10119
1192
10121
13593
1168
1504
6100
13138
8328
13914
16359
5858
12006
9642
15417
10134
11707
4497
3004
12095
11673
14286
4707
7164
14608
6250
179
9553
9798
804
14906
10150
7995
11358
16206
9186
8566
990
10689
14666
14127
2633
12195
14102
8490
10164
10165
7816
7359
10168
7523
3138
11856
10172
10173
10526
15232
7144
8428
3554
10179
14307
10181
10182
6651
9804
14486
16204
3217
15289
10189
14725
11212
10263
14547
4013
2444
15536
14702
725
13278
10200
950
12919
10995
9439
4350
1970
577
7488
13825
11103
6335
4584
3146
9889
10215
2506
9796
10218
3308
607
9615
10222
6524
15896
7956
1351
9774
10228
6118
5364
12217
5269
3681
12942
2162
4630
9476
13157
14068
13826
15126
14645
4929
12566
9363
11263
765
12508
4767
3270
5919
8074
3877
15534
14598
3388
7105
15948
13161
13222
4927
10262
8993
2106
8607
5550
4267
13236
15026
1039
10920
12467
16164
9180
10275
1011
10277
12345
2158
12273
10281
13109
14665
656
16379
10286
4199
8729
3871
10290
3348
10292
6942
7258
10452
10296
6506
4034
7289
11432
13026
10302
9394
10304
3655
2192
13661
10308
506
10310
833
10312
14699
10314
11425
13299
14479
4220
14309
10439
10321
6377
10197
7164
4657
10852
7158
8856
3197
11028
12203
10138
1901
6271
259
5934
10337
13559
11691
2575
6569
15345
4766
10344
3845
15850
5598
2159
10891
2512
253
15110
436
10692
5103
10633
1471
9759
10359
5100
10361
8628
2230
8296
10365
3271
10367
14433
2050
5171
4319
2308
11104
1493
10375
13998
13678
8061
12958
2060
11905
12424
7657
14064
6930
10169
14316
10388
10389
10390
5655
10604
8623
10757
4852
10093
4132
9952
2336
6361
1863
5606
4409
10404
3912
10776
10407
8727
6220
5495
10220
3833
2789
1896
407
10416
4848
10418
13801
12830
12504
11480
3375
6288
9411
9029
508
1650
3402
5359
11742
7533
15310
10434
14078
10436
10437
13893
10439
789
3299
1918
4700
14075
10644
10446
10919
3185
10449
4479
14752
5973
6375
10454
10455
15158
10820
3791
11603
10460
6940
15270
14977
13227
10465
8296
7621
10468
13734
10470
9945
11022
2709
10474
5303
2170
1634
10478
2996
16063
2422
6294
10483
1596
7122
3984
12239
1656
7169
334
23
13141
6708
15180
7577
10498
10497
10398
14516
10500
9383
8990
11358
1294
227
10506
8708
11239
11248
11416
157
13418
13049
3152
13096
10516
15471
9445
14691
6208
10521
13429
10545
10524
7863
4213
10878
7886
969
10530
1201
10532
6681
8545
11698
695
6676
10538
4696
9684
10541
1650
10543
5990
9910
10357
844
4774
5388
1000
10551
1807
2052
4151
14902
10556
1138
13595
10559
10560
13208
7345
10639
7368
10565
15208
14851
1862
6709
15820
10571
3062
13389
7980
14760
14083
10577
14656
3071
10580
7383
16305
9060
10584
10585
908
10277
9903
5681
15664
10902
7487
1331
15052
6004
2469
12263
2827
9813
10600
6517
10195
8636
4984
12056
10606
15344
4419
10609
15117
12349
12398
13492
10047
10669
179
1045
10618
10589
9238
1953
4481
2757
7633
3760
10626
13658
15120
10629
5091
10631
12326
4739
7559
8204
10636
7566
987
10639
14720
1376
9623
3319
13431
8582
7737
12163
4546
10649
10650
3751
9271
14593
14419
9449
10656
15637
8624
2302
1205
13104
5058
10663
8838
480
2332
7573
10668
5570
14657
12311
13128
6476
10674
3492
14114
4811
10678
4867
7352
8130
1913
15934
15866
14076
10686
4095
3232
6962
2303
1267
10692
10693
26
1556
9890
2327
2760
6609
7385
11597
7088
9716
10704
2785
12657
10707
7988
15096
9400
10711
14463
2203
10714
7130
2889
7070
14481
11018
8982
14030
10500
6673
1741
10725
10726
10727
13731
13634
4043
14997
10732
13659
5598
8502
15986
8358
15111
10739
6986
3570
5814
317
6355
2087
8304
5066
11486
10749
6382
7268
2231
9270
14337
328
3904
6935
14357
10759
14403
10761
13607
10763
16097
11749
10857
3756
10768
10769
10362
10771
10772
8131
9353
10775
2479
10777
7732
1326
1205
10781
10782
14717
4896
7019
15033
11250
9105
10789
10790
6952
16315
4206
13333
10795
7198
10797
6437
6219
5151
6764
10122
10803
12085
4736
8140
9307
4449
3504
3779
8204
13865
11910
10814
10815
1172
10817
16344
3257
10820
2498
1164
1590
7393
8182
238
2258
902
7190
2188
10831
5108
4138
10834
9385
11544
10356
14535
1923
4093
10235
6658
10843
10844
12232
3158
11106
15736
6936
2925
10851
13216
2461
4097
13175
5718
6594
14339
7307
13986
6136
7544
16243
10864
7038
14733
2046
12145
2487
10870
10871
11430
7304
12842
9581
9226
551
3431
15883
10880
12782
6588
10605
12133
13524
10886
13529
8965
15984
1241
5755
5317
7834
3709
12623
5435
9845
3783
5293
498
2131
7338
12642
4617
2384
3561
1075
11964
10909
12786
1625
15394
12284
14406
10915
5598
6504
10155
2737
3649
10921
2735
2336
10924
10925
4889
8489
7653
10929
12723
12198
3891
1773
5658
7673
7066
6155
9804
14403
10940
2412
14420
10943
402
5972
15494
12365
2373
734
11375
14656
15140
588
10954
4776
8910
3324
8424
11644
5659
13312
10962
10963
3748
10965
13311
9650
15945
818
11423
5218
8490
2104
11372
1909
122
13783
16329
524
3370
15438
12888
5742
10984
16172
7878
10987
4014
14927
8465
8789
7452
11788
828
2711
1063
14139
6458
14373
7405
6019
15190
2443
11236
7296
4546
6224
9204
4667
3622
11011
9148
5190
6992
11015
8202
1694
11018
12733
11020
11021
7989
9571
362
6531
11026
11027
11028
11029
1652
9150
13982
11033
13439
11035
9977
308
14501
7732
6765
12490
11042
15136
12783
11295
1194
7635
2206
11049
5739
13858
11410
10405
1095
4173
15595
8086
11058
11059
11060
12374
904
4435
3978
10474
4796
10508
12125
13946
11070
8105
9180
7538
8412
11075
7296
11077
11078
15269
15177
3401
14020
11083
11575
11085
11086
14696
11088
15213
2825
11091
517
4567
11094
298
11926
11097
11098
14972
1393
16099
14182
9478
12088
15085
13912
11107
16066
9174
2324
11111
10189
4915
16269
1910
14094
7422
10321
5005
6307
9113
8406
3942
4304
11125
6717
2771
7128
11129
7233
11131
7337
7426
2775
5924
8818
11137
2489
3721
1911
14576
2421
15823
14257
11595
1762
8062
125
1646
9971
14218
11152
9067
3907
11155
11156
11157
11158
2838
15373
13020
11162
11243
2931
939
1575
5701
8066
8808
11170
13037
15491
11582
11174
2577
7924
14070
6297
11179
9835
11181
12261
8718
9273
10134
3928
11034
1811
4052
12679
11781
11192
1885
5361
15687
4722
11197
4350
12322
15965
11201
11202
7280
13260
1155
12980
4942
9962
11209
11210
9632
4048
5159
12208
11972
2844
2121
5422
15105
10838
11221
14694
8854
14765
9343
10664
2432
5637
11229
6060
4316
10997
5362
9037
15346
1300
8617
6241
14559
11240
9772
2836
3116
11244
3349
11246
12468
7164
8508
8291
2751
11252
11351
10411
8172
10071
11257
4864
6481
2540
3244
11262
15823
13203
5675
11266
11267
11268
5075
2878
9990
16071
8240
2643
11275
15033
11277
11278
9539
11259
4889
7713
4646
7725
10829
7995
3808
1608
11289
11290
11291
11292
118
12098
4358
11296
11468
6125
12529
11300
11301
11302
5155
10988
2625
7694
14232
11308
2063
4513
3522
7137
7390
11314
11315
13512
6823
15629
16154
5471
11321
8783
11028
11324
10360
112
11327
15674
11329
1700
10940
7284
5507
11334
12547
7401
1220
520
2484
7344
13048
7638
1948
15672
11345
15332
16179
11348
1350
11350
11351
3460
3316
8486
10849
443
11357
15308
10094
212
4395
2492
11240
14754
11365
2603
10529
11368
11369
69
11371
11372
13542
1428
11375
5575
9704
8828
11379
6794
10223
11311
14138
6886
2565
11386
16085
6173
1512
11390
11391
15879
7522
4971
11395
2810
16007
11398
11399
15819
3253
14931
9528
11404
3464
2941
11407
12020
11409
14703
1310
14622
8847
1378
11780
10274
6952
5099
2717
13745
15322
11422
14028
11498
5823
11426
11427
208
11198
11996
1719
10692
3133
6689
13502
11436
2756
6123
370
1302
15651
3833
4242
11286
11445
2152
5551
9523
10998
6928
4918
4888
13879
10017
7604
11239
8954
5247
6353
14776
5454
1166
11463
11464
10387
7172
11858
13520
13860
8975
16275
3599
11473
9344
11475
11476
1192
2865
13176
5433
14150
15327
10983
7288
9941
1526
12206
14828
15404
5838
6047
10258
14791
11294
226
11496
13182
363
11499
1392
7185
7535
13249
11504
4320
5010
5839
11508
4210
8608
15182
11512
5401
11472
11515
11973
10833
9237
10916
5431
141
4472
11523
6956
11525
12346
2915
5975
1799
8961
16232
205
3870
74
13386
4233
1465
4186
11767
14713
11541
8505
392
4167
12714
9000
2964
1730
4087
11550
14936
12562
13324
9467
1608
13464
11557
13938
8563
9425
468
11562
14537
11223
11565
11566
9429
14385
11427
11570
13298
14458
8428
1146
15922
11576
12614
12912
14250
11580
11581
4734
13304
2032
11585
1064
5919
4995
11589
2793
10005
3546
15355
11594
6944
13013
578
4023
11599
10566
9141
13447
11603
11034
7293
8285
11607
11608
4078
5293
3327
11612
991
11614
3366
11755
2137
2903
11619
7984
15048
768
11623
12717
11967
2799
11627
13780
1501
7793
189
11506
11339
15543
2065
7967
16120
6088
2148
8876
3150
11642
13181
16169
11435
874
5077
14761
1865
8443
10131
4001
11345
1730
2664
12113
14447
14631
14911
11842
16131
11662
6320
12030
11665
11252
1274
11188
13317
9240
10924
11672
3020
11387
3415
6169
8184
3199
1219
9057
8276
15980
10921
334
9726
14921
11678
11456
1201
11690
7406
9518
15831
5933
11695
4975
15577
11698
12252
621
11701
11702
10445
13525
11808
7377
6380
11708
6347
10396
1382
11712
11713
9762
180
9565
12960
1399
2238
4851
994
11722
13158
5184
10719
11726
11695
478
5790
12895
7883
15307
12341
13815
11735
3898
11533
9682
4518
11740
5593
6822
16325
12969
11745
13201
6288
6980
14583
11750
11751
16049
7160
7763
12624
8558
10000
1091
9551
11760
6774
6274
3885
2084
11765
6751
9675
14978
14634
8597
11771
10934
12064
11774
12494
6082
11777
5362
627
11675
12183
568
8259
11784
9000
6855
15239
7198
6519
6014
14960
2758
14571
8576
3848
7737
15349
10122
11621
1048
488
11802
4911
16025
11805
15121
13508
10574
10801
9617
271
16162
10244
11945
11815
11960
10811
11818
3820
4575
1281
11822
2674
11772
11825
7799
8687
10348
10556
6873
2539
11832
14404
14609
1503
8141
9845
2550
8628
14756
2190
11842
7365
11844
11879
12763
1781
5111
13033
1558
11851
15354
8594
11854
13517
9780
11857
12413
1708
11060
11861
11862
15086
13479
2474
7388
7442
13030
14260
11870
11871
11872
9980
11874
11875
11049
12484
11482
2805
11880
11881
5944
14031
11432
11885
4315
16220
2412
11889
16193
12598
11892
4192
4920
9247
5749
3889
11898
1456
2882
13669
11902
11903
13868
4589
8344
11907
12569
1683
10818
3572
9125
7463
1447
2720
2127
13930
11918
11919
14202
4931
3489
11848
16362
7804
11684
2390
7612
7897
6581
12531
759
12330
11934
36
11936
2214
15211
11939
13704
11941
16081
3415
5663
12265
5097
11947
96
15836
14221
7558
898
557
9684
14827
14758
14614
1932
11959
10221
11961
14592
9735
5520
597
962
13417
7177
11969
13493
11971
14175
3122
13528
5
1948
10847
16085
5362
125
11981
11966
10459
221
11417
8295
7778
12315
8851
1078
10757
7224
11993
15691
12688
1061
11997
13898
6038
6580
14494
7000
3612
12004
12005
5287
12007
4108
1403
8408
1251
12012
1407
10356
12015
12016
12097
1107
15717
12221
13072
9791
12441
8105
1702
3835
4035
12028
10552
4912
14791
1392
4218
11095
2452
1732
748
12038
9031
16225
7747
12643
5127
11854
12045
14045
13535
13104
12049
15451
12051
7506
8816
12054
173
6838
4653
13245
12059
12060
245
709
4965
1946
4543
8999
12497
9454
7405
13888
13672
2115
12073
16339
12075
15403
2863
8986
12079
15243
10609
5244
3986
6079
2904
1136
12087
2798
1970
8641
11614
2142
12093
15478
12095
16266
15386
15722
590
3966
1283
5133
12103
12104
12105
12964
13780
14586
12109
3985
11283
11873
6099
12114
11238
10891
8961
3839
12119
9750
3186
9082
13735
9264
12125
12126
12127
12128
11985
14870
12061
13954
12133
12134
7126
7290
16095
12138
6219
12140
12141
7171
12143
15097
5557
7761
2678
6839
12893
15642
4234
11094
3242
15517
6583
9340
10370
1089
1917
14208
12161
10838
5102
6905
12165
8188
14365
2505
12169
12170
12171
6673
10041
74
13798
12176
947
16168
3633
8117
14880
9189
15877
1174
12185
16027
12187
12385
431
3877
7095
3672
12193
3009
12195
13677
13011
13378
14765
14927
11201
9219
12203
3644
1721
1022
1624
4225
7695
11665
4298
5108
12611
4081
12215
8740
4343
2577
12219
1544
12221
3836
3750
1187
16220
4180
5063
6930
7851
8071
4222
4477
5064
2603
12235
3020
16264
11821
6663
1600
12842
12242
8287
5824
4152
3567
10121
9260
16177
14201
1615
12252
4135
393
12255
3159
12257
7970
4142
12260
4345
12262
7806
8321
9407
14735
16171
1093
2573
4264
6156
12272
5175
7283
6035
611
12277
12278
13945
7634
13452
5847
13457
1220
9413
7193
10479
9205
5009
12093
13340
5402
15251
4925
9543
3211
12297
12298
12730
1480
12617
11081
1266
13709
13653
5529
3480
12308
12309
2443
12811
9514
3053
10372
763
120
16218
14219
1339
12320
12321
9247
5027
11817
2067
10036
7526
15406
15437
12330
6392
3947
8595
9603
292
10074
5835
11372
12339
12340
12341
12342
11340
3160
8640
484
12347
6639
11082
13295
12351
16153
14134
7282
12355
531
14254
12358
12359
12360
7115
14750
15592
16361
3392
11025
2044
13427
2166
1065
12479
8557
5011
4690
1775
5303
14763
7610
290
9718
10769
8930
10202
1023
3627
7112
791
12388
1377
12390
12391
14393
1322
15630
5123
16071
14837
5100
3078
9477
7143
121
12403
11642
8207
12599
3815
12408
13218
904
12411
5589
2136
15667
13198
2425
9000
7582
11354
2817
8605
12422
14981
12424
9928
9395
16357
7936
12429
12430
12431
10716
15602
13059
12435
10402
12437
12438
14054
1774
13480
7147
8916
13600
2404
12446
738
9814
6218
13955
12451
10718
11807
12454
16090
10000
12457
8620
2131
2615
12461
16202
13484
5432
8422
12080
15359
1432
12052
6911
12148
11269
3585
6165
8939
5358
12477
3260
12479
16085
14273
475
2104
12484
15010
10289
8322
12581
4622
3744
12286
14621
12363
14416
851
12180
11516
6282
4217
7211
5257
5649
2879
12167
1412
14147
12507
15751
7576
6701
4724
10836
12513
6401
2612
11310
8505
1237
5214
442
13817
12522
9835
4185
9719
12526
8071
163
7750
8922
12343
2881
15203
175
10092
4075
5823
12970
16241
12540
7234
10732
15607
14810
1049
3946
12547
9261
7449
6557
4186
15953
12553
12554
12555
7794
9400
10
5226
2850
12561
4194
14944
10921
4357
6310
3458
315
9190
2276
489
2897
6351
12574
6312
15866
6207
13545
12579
10214
5430
12582
12583
12584
11970
11262
9375
4846
2326
15932
12591
9032
1895
12594
7341
2047
12597
1904
12566
4896
6098
11126
15816
10454
1051
2889
10768
10240
5165
11256
12611
13137
12613
11515
1183
12616
12617
1337
14728
6447
6766
10313
1324
16141
15159
3650
15688
7806
5544
6644
12631
9852
7447
2825
14747
12636
13544
13950
12639
14179
7613
15000
683
12644
1996
8856
5847
13252
5608
977
14434
1841
2314
12777
8288
12656
9079
6706
9611
8835
5480
13260
8138
13285
2419
14781
6752
9866
1222
5114
7025
15171
2908
12674
14638
12676
12677
13787
3591
249
12681
6258
9437
13500
11865
10414
11550
13705
12727
12690
7942
5608
5421
14647
15219
14256
3742
12094
6009
642
14513
12702
4406
7393
7994
12706
5627
12507
15018
4413
12711
15414
13271
1815
2620
13520
8072
12057
10635
12720
3552
12722
6086
5800
873
12726
12727
2428
13742
6480
7848
12004
5314
5719
15746
12736
1024
11728
12739
3
15536
16133
7396
7145
5375
12746
3518
5778
12749
9787
2547
12752
2665
12754
12755
11602
5167
12758
16184
3289
12761
12762
839
10434
6841
6924
16234
7713
9351
12770
13591
14192
814
12774
9210
3122
6533
12778
8571
12780
4145
1876
8574
3296
1624
12786
15969
10440
6998
3102
16217
400
5648
2497
12795
12001
10814
12798
12799
2296
15290
11652
12730
5746
12805
2191
12579
13458
11541
9785
11265
12355
2610
12814
14386
2503
11181
2146
12819
4378
3370
5441
6001
2954
15880
12998
6055
15713
13397
11702
1825
9014
6132
4121
7919
1399
466
12838
13664
3590
13044
10737
15130
6444
5617
11100
9053
3619
12849
13602
3849
5764
1595
7218
11205
7595
10171
10700
4208
16225
10028
1221
11543
11853
10234
1290
15973
1768
12869
2688
54
15431
6277
13097
9783
5023
3156
15399
12879
16122
12208
12882
2633
13340
16057
8397
14934
12888
6890
3217
12891
12892
6145
677
13916
10352
517
7560
11572
12059
3028
5421
12903
13348
12905
2616
7188
12908
16036
12910
2669
6234
5928
15765
16016
12916
12917
10950
2536
15031
10688
14743
1279
7643
14415
9675
6192
4921
12929
12930
12891
12336
5597
12934
10423
12936
12937
6304
6113
1598
1491
1788
4625
6912
15135
7240
14099
14786
12949
9908
3949
4330
9288
3580
15279
11823
2226
9582
10181
3505
12961
840
12963
8212
13179
7032
13132
9686
2983
2344
3724
9286
8456
5321
10777
10243
12977
12978
9945
12980
1304
8994
800
15402
12985
7395
10707
12988
2966
11724
3610
6546
10619
15432
8771
12996
3816
9228
12275
4656
13001
1055
9070
13004
11687
14186
2371
14669
145
6094
7571
8601
11414
1963
13015
2459
4974
3266
11452
13020
5773
2283
2463
13024
95
5249
14186
3704
11794
13030
8420
2751
4180
12236
11978
71
507
13038
13033
13040
9140
12193
10834
11510
10477
13046
13047
10979
1219
1663
3195
12632
3625
5653
13055
1221
6890
721
6993
13060
9173
3183
13063
7087
14421
13066
13067
984
10790
9830
9404
13540
14009
5255
9133
14079
5761
13078
5781
13080
6834
1569
231
13084
1959
12045
11209
3177
13708
14403
15808
13092
948
3671
644
13096
7838
4391
7636
626
7573
14722
15046
8557
9127
8491
1576
13108
6282
13110
6115
6830
15415
3810
13115
12590
4811
10643
14158
5041
12602
9818
16249
15778
7141
13126
14267
15202
8089
1554
15845
13132
15926
13134
5944
13136
13137
13138
7097
167
13517
5434
13143
15212
13145
5689
14561
7318
7264
13150
4458
13152
13432
14093
3488
857
10298
8299
11500
8071
13339
7717
13163
1504
13204
7110
8645
11086
5927
13170
349
13172
12639
5388
16274
2199
12484
56
15715
13180
1533
13182
15267
5019
16093
6200
12282
4167
13189
3247
9990
7654
4104
3903
13195
15952
13197
15603
13199
11973
12907
6935
13203
13204
13205
13476
9726
13208
14044
13210
13211
5736
4427
3587
6084
13216
682
8974
13219
5973
13221
2880
5073
6028
2210
13226
13227
6605
4910
7228
6314
11109
3125
10480
14356
13114
1749
13238
13239
2075
13241
632
1317
1293
12604
14223
8227
9695
7564
5886
15431
13252
11990
9472
5130
12671
2061
13258
11103
15550
7133
13262
746
13264
1375
13738
13267
5656
8602
3667
380
11726
14146
14735
8455
15894
425
9086
826
1717
5305
15048
9943
13284
15000
6227
15829
14046
1833
13290
13291
13292
8916
2791
14503
13296
10977
13893
13299
13669
1725
14639
15043
15462
3910
7261
2744
4289
13309
2602
13311
13312
13313
505
2640
11057
15
3064
3758
840
4781
9063
15888
14723
7678
5730
14167
13328
13329
5339
7562
6699
8129
5681
1291
13336
5638
2965
3015
3892
13341
13342
1623
2093
7801
8883
13347
4836
12089
11485
5341
14728
6157
5355
1408
9914
6194
6188
2592
5697
4526
13362
10269
11427
2309
15607
13367
2604
9007
7352
8284
10297
13373
12989
11248
13376
13311
496
13379
13380
12871
15403
13383
8296
5369
3855
13387
4000
469
9195
2344
6625
13393
13394
13395
14549
3751
155
13399
4358
9938
2746
13403
10055
13405
14463
13015
5097
13409
387
12237
7700
9393
3204
15984
3305
13417
16192
10847
232
303
13422
7333
13424
15634
8598
12702
3104
12598
13170
12298
14941
3411
10462
2307
3565
14820
12244
6310
8490
10322
2940
13586
10709
15177
4901
3717
1996
4500
7022
1804
15347
7253
2106
6295
6502
10704
13458
2612
9606
6917
15782
5519
5473
2808
15981
7779
6372
14416
3638
12681
13472
6521
13959
15621
13476
3722
8283
14413
8622
12000
24
13122
2637
1827
13486
12084
9889
3933
1994
13491
6
14636
4606
9611
5168
13497
13498
4003
13500
15130
13502
10640
6810
13505
14726
2034
13181
12757
5671
9477
13512
2893
3245
13515
13516
8713
13518
6614
11528
6741
15235
7143
6765
13525
11972
13527
9779
8591
7671
3283
13532
12523
9665
3288
13536
13537
10774
14270
12899
15941
1888
13543
11644
10196
8697
9985
12229
5493
6357
1515
14969
9249
4760
7298
15862
16287
14038
14712
13560
13561
13562
7045
4418
10300
439
13009
1586
3721
9147
11250
7008
3537
9135
3522
13576
3093
11022
15165
13289
3334
8765
9133
8826
15121
13586
10648
7411
7985
15407
13591
14708
7462
15309
12361
13596
5790
13598
5969
395
16089
13602
13603
13604
6407
13403
1290
13608
10127
6165
12540
750
9701
5290
4272
12794
16312
3052
9698
13620
13621
13622
3261
11817
2446
13626
12087
13628
10553
13630
13093
3113
13633
13634
13635
2154
12115
13638
1436
13640
9615
11039
13796
15404
13645
623
14190
15108
7029
11208
14
771
989
13654
12553
1521
13657
10689
1458
13660
13661
5792
7098
1385
8843
411
4646
4275
2857
348
14828
15949
3460
13674
597
11680
4895
10211
6334
2306
9231
6957
112
7954
13685
13985
11319
13688
7967
14756
12307
4135
16276
6612
5593
5683
13709
6977
14525
14120
11622
2416
592
11969
859
156
15428
1455
11835
3938
13711
11665
13713
1785
6244
4511
8741
13718
6355
12465
6341
13722
1289
4047
4712
13596
8182
13728
4603
13730
3823
13774
10285
13734
1147
4366
13737
13738
13739
8426
15266
15988
10841
15857
11572
11699
16013
10616
13153
11463
14553
8433
13247
13754
4412
12944
5603
10766
9024
11944
12055
13070
271
9266
13765
13766
4867
4874
13088
2256
15158
14234
6622
7199
13116
6225
1655
12588
1412
13353
13781
13782
12216
12027
10121
7295
10196
2170
4157
14607
15113
9760
8989
7752
5319
4659
13797
4437
5589
13924
9304
10462
10627
11559
9236
13806
8476
1796
50
5207
8020
1705
13813
1411
13815
9432
15057
13626
5074
8794
4536
15269
10963
8693
13492
13826
9691
2068
6096
1058
7386
10754
5494
12974
8293
14797
7052
2535
13839
9972
16287
13842
11010
11767
16336
13846
13847
16217
3403
1656
1243
12834
329
14868
13855
1523
9122
13858
3020
408
3700
11712
13899
13390
13865
13779
3610
14447
4780
14363
3556
13872
1369
13874
13875
6271
1969
8420
8805
11940
8322
3430
13883
7322
8274
3262
10724
9929
4504
7173
10257
2988
8696
2994
6007
9103
6693
1334
6617
3698
15112
10226
1760
3507
8204
13906
5316
4875
14474
7284
13911
13295
6894
2839
13915
5232
10323
10160
13505
13920
13585
4500
7050
1704
13925
11672
922
4691
13929
3983
3916
10697
13085
10608
12030
3317
14306
13938
10757
13542
16065
13942
14263
5361
4996
2754
3450
13948
12279
16048
10343
15117
4895
4282
8893
2016
1482
13392
9065
3185
8679
9986
7876
12662
13901
13966
2188
9362
13969
13970
8125
14218
13973
13974
12679
13976
6046
8590
9836
5726
6469
15197
10722
9222
2262
6616
8885
12605
13989
5349
13779
502
14241
15794
1983
11248
13997
8474
5167
3542
14001
2076
13042
16203
15976
14006
14007
15230
14009
14010
9181
7716
13063
5475
13761
5268
15310
3103
11736
14122
13824
4573
16384
4055
13457
12604
9403
10852
13105
7259
14031
14032
10261
15087
2122
2351
3869
5664
14039
14040
4426
527
5482
4017
15756
14046
14662
11733
12434
3752
9109
1317
2678
14054
12211
13053
415
9650
1241
414
14061
13705
14698
13017
14065
14066
6723
9165
9737
13982
3041
8439
14073
16103
5391
14076
12308
5382
14079
9816
12834
10864
13833
12205
14085
9141
9181
8254
14089
14090
12893
14092
1905
9570
15570
14116
6238
15984
7381
7479
14
4701
5792
14104
13030
11424
14956
14108
6383
14110
14111
14112
9021
14114
1612
14116
14117
14821
8739
7003
10744
14121
434
7193
14125
8600
14127
14266
3013
1356
14131
7062
11266
14248
8967
4452
13433
6698
10689
13033
14078
1783
13046
2395
14145
7574
9691
13818
6145
16073
6454
14152
7757
14510
15192
14156
14759
8869
12928
15192
16062
14162
5143
14164
13074
2690
6499
3751
14169
13956
4362
12717
2023
1411
3030
14176
12711
14443
724
14494
11104
14182
3118
5683
4410
551
14187
11828
4099
14190
7004
3200
2224
5811
1574
11092
2355
14198
381
10769
7497
13454
13459
13995
14205
14206
821
11030
1973
13537
13052
14212
3383
14214
183
9378
1441
906
7487
12544
14221
4023
13170
569
4573
8613
14227
4667
14229
11576
11812
14232
14233
6890
1002
14236
13385
1598
3356
13765
12366
14242
10853
10835
9440
14246
8463
11655
4085
10435
8807
752
13817
8989
10130
15257
9894
1232
11416
13916
14401
11985
2104
6629
14265
267
14267
13679
2056
7157
14271
14272
14273
14274
14275
14681
15440
14278
8754
1652
12821
4735
12504
7271
14175
4583
14287
2541
14289
14290
1875
14292
15017
11347
2627
14296
12450
3952
12756
14300
11322
13845
14303
13987
14305
14306
14307
6354
11377
12004
1954
13480
2248
2220
10775
14316
14317
4304
9376
9071
14321
3359
1745
10722
16179
6480
6842
7065
4270
11424
14331
14332
9605
14334
6144
10056
4568
8770
6121
8519
5141
1059
5979
2744
7412
971
14747
9365
14349
14451
610
11584
8841
14354
4913
4576
1527
8272
6320
12248
8066
12799
2705
15131
14365
684
14128
8351
6828
7800
12918
14372
15597
13920
5052
4354
14377
14978
11031
14380
7097
6005
14383
12001
5459
15369
10067
6068
10569
2523
10981
15144
4049
2868
5079
16297
10933
1494
2617
14400
9679
14402
2177
361
1646
9004
14407
8160
14563
14410
8217
5695
3231
12570
4289
14261
3282
10293
9877
14420
14421
8740
9278
14424
3560
14807
14427
3462
6082
9403
2221
10131
12270
14434
14435
14436
7299
10043
6819
8792
12659
113
10969
13019
1758
3588
4794
16321
11804
10489
3167
14452
7989
14777
14455
1043
11270
8685
10919
3625
1578
14478
14463
2048
5039
4176
11450
14468
7259
14306
7336
14558
7964
14154
6965
4238
14266
1549
14479
14480
873
16024
5137
14484
5666
15960
556
16154
2742
8545
14546
3784
3430
6847
14702
14496
7055
8424
14499
12796
9102
13463
587
4167
4337
14892
11502
2510
6471
14510
9271
9475
14513
10708
14515
7153
11023
14518
11580
6792
16159
862
6367
331
631
9108
8875
14528
15177
12891
14531
12304
5639
11208
2974
14062
7619
12075
11140
8205
16242
15477
6712
11359
1602
13182
4246
11076
7506
11398
14551
5715
2701
1805
14555
5489
3562
8171
5819
4193
14561
894
14693
2985
13784
10613
8623
8607
13586
6300
16226
9277
1056
8046
9134
148
14758
4108
1749
11555
8353
12825
2676
3366
2155
5377
5170
14588
7643
8938
13340
14592
14593
14594
13462
13130
14233
11770
16114
14600
14601
11632
5998
8352
3855
3200
14607
14652
3696
14610
14611
12476
15707
11741
5225
15854
10114
9332
14619
1218
5285
1301
14042
14624
7960
14626
4666
16196
13336
14630
9836
7455
5890
6791
4532
2635
4640
16301
14639
2365
16271
5915
10716
3741
9114
8983
7436
5205
8305
2793
14651
14652
10429
7774
12906
3376
8992
1806
4676
6649
9766
14662
9342
6461
6717
2793
13915
12606
14669
9583
2062
15241
14222
1978
1221
14109
7892
11936
1465
621
14681
4535
8901
5825
14685
12839
11693
16253
4229
8214
3245
13220
14693
10020
14695
7920
3484
14698
3401
14700
877
9944
14703
10117
3669
14706
14707
7474
6339
13252
9535
14712
14713
14714
5195
11089
11513
14718
6415
8813
3020
1966
10278
3641
6500
14726
2794
9465
2955
14486
9334
14732
14733
7183
6315
14736
12578
4018
16334
4113
7501
14742
3350
4990
14745
1061
13467
14748
8658
8534
3421
5525
1685
8615
230
13197
15029
9042
14759
16216
14761
610
2935
14764
3472
7110
5728
14768
12937
10064
3829
5886
862
10144
2079
4879
10093
6191
12379
13443
14781
11180
13439
10525
3454
14786
5589
13945
14789
8978
7273
6175
9207
14794
4085
4819
1865
3916
14799
5428
4799
7388
14803
12537
10527
14806
3940
6216
14355
9825
7077
8114
11903
11955
1823
1709
7950
15265
12889
5004
9405
16342
10592
6965
8935
1480
13139
1758
5564
1573
3622
14832
9480
7000
8420
14836
483
3153
14839
14840
2562
4422
9368
533
14246
61
8646
14848
9764
12015
10468
11472
3580
9348
7976
8584
14857
2368
7933
2791
9332
484
14863
4271
14865
6086
2241
9834
7658
5862
2929
14872
14873
14874
14658
14281
3411
1426
14879
459
14881
7832
10793
991
5693
10853
9636
15456
6484
3720
10544
10063
13067
2135
14895
2262
15435
14898
10068
5053
8382
10551
14903
9323
14468
12791
2772
5741
2268
5701
4014
164
9111
14914
5439
622
559
14918
16232
1612
6251
10700
11248
5323
799
14967
15866
14928
10862
11649
1616
13123
10699
11683
1791
14936
2697
14938
5849
11113
780
2255
13885
6520
14945
4522
3201
14948
10534
14950
4686
12311
15972
5307
14955
12869
15819
14958
6919
2736
10135
14962
1782
8058
14965
10933
364
7539
5410
12012
14971
9154
14973
14974
14975
2149
6327
4453
3939
9023
10301
15052
14983
9802
14985
14986
12556
12552
14989
16321
693
14992
15752
14994
10470
5378
11678
10058
10685
8163
9492
15002
15003
1219
10898
3242
3000
15008
2571
14175
3363
10109
15013
3200
15374
2878
5348
5316
7330
9287
15021
14338
1247
7954
7755
15026
13802
4121
7692
15030
15031
14494
3488
1777
3488
15165
11834
14172
6943
4942
15390
1456
8183
2005
4026
5973
5367
14134
9173
4356
15051
628
14520
9672
7957
7422
7625
9203
15375
15380
6620
3111
6687
4730
6598
8463
8217
5379
3913
6004
12321
8854
5009
13777
652
15076
7013
15078
1418
6625
12379
15552
15797
15084
350
16179
15087
13932
10021
7751
4970
15092
1262
15094
570
15096
3960
15098
257
7189
7071
15102
6943
11918
13668
15405
3750
15108
2662
2933
15111
9753
14983
11786
14761
12375
12438
5389
15119
13792
2678
15122
1383
12959
2090
1733
12753
16021
15129
11753
4120
4606
13014
4689
8566
15136
15137
13270
11877
15140
15636
3828
7411
12919
15145
2849
11160
15581
5781
4529
14179
1183
2905
10169
13620
8294
7576
16297
9676
4151
2002
11408
519
1638
6777
4638
6244
15168
15169
3406
15171
9326
14809
292
4819
15176
15177
14060
4119
12229
10594
15182
6967
7004
9790
15186
12748
11532
7584
13930
14437
15192
1368
11165
6346
8944
15197
15198
11077
15200
16021
15202
13094
13078
15205
11045
15207
13612
15209
14715
15211
1437
1866
4574
15215
4842
15217
11191
2998
5133
16009
15222
673
9252
15225
11853
11267
16218
15229
2473
15231
4672
12581
14004
15235
12256
10126
12056
13623
4906
2017
6182
15243
15982
1654
2891
12675
12698
119
15250
11006
14134
1984
15579
2591
13174
15257
2193
7724
12799
15261
2865
591
8267
14131
424
10739
2419
13005
8359
15271
14674
6746
4030
11912
11652
6047
1710
11249
15280
7700
4600
7540
4013
15285
4718
2161
1762
6701
1355
4352
15292
15293
15294
3491
15296
3547
12075
15299
16289
6412
15302
15303
12665
8171
4158
13089
2526
6576
15310
9709
10884
15313
4865
70
14913
393
11721
4575
15320
2102
6586
12274
15324
6701
14125
16286
11419
15329
16285
1663
1735
1255
6015
5225
15336
4802
1705
5129
11213
14370
13300
15343
15370
11074
15825
5562
4398
10324
10426
4467
8852
10818
16188
13427
12919
6389
9316
3236
4129
9218
14654
4029
10880
4
5283
510
5229
10084
2215
10357
4912
15373
200
7272
3898
15377
11273
15379
6712
9459
15670
651
3500
3752
15386
9503
14318
3555
6545
10852
9943
15860
14087
14071
8693
12356
1715
3189
12360
6998
3698
1204
15404
697
5912
11560
5609
6111
2448
15411
9506
15413
999
9159
2580
284
9810
6079
4036
2928
4012
7590
9472
14864
15426
1149
8947
12566
15219
1256
8538
15433
550
4444
4513
7547
15438
8141
5716
8243
14053
15443
891
13851
3779
3338
6972
15449
15450
4778
12497
9551
5061
5922
15630
15457
9096
8849
3257
15461
302
1936
15464
1736
1450
10882
14302
284
12137
6455
833
196
15474
15475
10967
8379
15478
8337
298
238
6005
1188
14088
9783
4526
4676
14560
15489
15490
638
14226
3237
6559
13471
12332
15407
15498
344
12633
958
2079
15503
14082
11839
16380
15507
14366
7592
6450
15511
15512
15198
7787
1032
7193
16123
1329
7430
5743
2517
5133
15526
7042
15525
9808
13701
15528
7679
7650
553
15532
14237
4736
12885
13259
5079
9133
14216
7158
15541
6831
9670
7153
15545
4812
877
15548
15549
13603
3625
8664
14634
15554
10817
8402
15963
15558
1862
14145
2095
6995
13286
9136
15565
15566
418
10602
430
8067
15571
11155
14666
12803
15575
7655
11540
1497
403
9371
8654
7233
2656
15807
12044
3533
13025
15669
12196
11274
10101
4213
10852
11963
1973
15596
12946
2573
15258
5697
2990
9476
15603
6126
15605
11057
4246
4407
7475
11900
15946
8971
12302
8932
1241
15616
3151
11588
663
15194
15621
15622
15120
13687
14478
10931
8576
8195
15629
15630
15143
3044
3773
732
15635
15989
6345
15989
15639
15640
5302
9334
9080
15644
15645
11427
4006
13325
15834
11480
8840
15652
15395
15654
15655
15656
4067
4758
7943
5307
7908
3146
5969
15664
15665
6717
1881
3271
4811
15670
12811
11846
13005
11569
14889
393
12300
14494
6737
11905
15681
3411
16070
4600
14837
3692
1541
14286
15171
10380
15691
13297
2853
15137
4855
15696
15697
8159
6660
15700
15701
8000
15703
14127
13377
9880
1013
1803
6306
12859
14807
1490
15713
11363
15199
13790
15717
9472
5551
15720
9310
12882
5236
13909
11335
8927
15449
9236
15729
15730
7714
9445
6148
15734
10566
15736
8197
11002
2341
14857
2617
83
11849
12496
1096
13651
15747
2417
13954
12073
3907
8932
10887
1312
15755
2020
53
10621
14901
15760
15761
5288
8145
9851
14215
7210
15767
2703
5544
270
8850
16109
8466
3468
2065
6938
6084
2148
15779
2402
2196
3243
15783
15784
16052
15786
4612
15788
15789
812
11740
8518
9743
15794
15795
6242
9829
11762
6294
4065
10279
11582
15803
12210
15805
3745
9412
3035
15809
6447
14955
3304
15297
14679
11769
2380
15817
360
15819
2323
8463
2507
15823
15824
4724
10658
5749
4392
15270
15830
6560
15832
15833
16131
7403
16302
5989
15838
848
11680
12282
4912
5574
7479
737
9318
15847
506
3771
15765
15460
7074
15853
14677
15855
13755
15857
2459
672
14114
4781
9134
236
9504
15865
3408
5984
13895
15869
2293
12543
13642
9695
12460
3246
10542
7755
15527
15454
13328
6622
16190
15883
15884
15885
15886
6262
7127
3577
15890
5642
15892
6203
10650
3934
15896
3573
13108
4605
1302
1504
13738
15903
1537
11008
761
7520
8518
3053
15910
15911
3678
5775
12748
16137
9020
6905
7508
8163
15920
5974
4451
14784
15924
15925
5780
10712
5526
9356
15930
16353
11728
3621
3902
15300
15936
345
8506
15939
217
15941
1848
5860
1753
15945
12855
6620
9272
4989
9673
12949
15952
10763
6036
12702
15956
15957
3399
12940
3825
11561
15962
2530
8275
15965
9960
8309
2603
15485
1280
2571
10829
15973
4900
6473
15976
9744
5244
14978
9961
7092
4453
15983
11713
15985
15986
3562
11073
4601
8550
4361
1165
2929
10396
13866
6327
6951
1306
1503
9480
9581
16002
11462
1404
12183
10562
2683
14753
5006
16010
16011
7583
16013
16014
4841
14750
12826
3435
8326
3533
7887
16022
3654
7095
2575
8254
15644
6935
9419
2188
946
6900
8514
7897
8206
16036
10016
992
1402
5093
2396
13584
16043
15655
5078
11952
4276
12660
409
2641
9102
3843
10966
12634
11729
14620
3344
14304
6489
2604
4854
15907
4791
16064
5800
6423
13305
13696
14628
16070
6936
14687
16029
12029
16075
16076
698
13228
11299
5776
8795
16082
16083
16084
15574
2051
9203
16088
1831
11152
16091
13045
12796
7402
16095
8390
11031
10745
6309
1136
13348
11162
16103
658
1755
577
7080
16108
15059
16110
14272
16112
16113
5323
5610
16116
12575
4967
1254
16120
13272
1810
12552
2663
10605
11742
4714
3423
13572
15865
84
16132
9983
16134
6882
8473
4630
1243
14781
5765
14590
9558
6422
16344
16145
10135
13502
16148
15018
8022
2440
4244
4212
7407
5497
16156
1100
9216
1665
3762
3436
13406
16163
8475
6859
16166
16167
10593
7956
6942
4191
16172
14837
15414
16175
8820
16079
13810
14584
14285
6983
4622
16183
14244
733
16186
1739
12878
8755
4178
737
12966
16193
11584
16195
6233
14065
16198
16199
4416
7897
16202
1443
7851
16205
16206
16207
16208
4918
16210
9917
14709
15510
1488
16215
5266
3317
16325
4295
12136
16019
1720
10336
13919
8703
16226
16227
14957
11779
9435
311
16232
16233
8272
1805
4488
16237
9008
14771
16072
15240
12451
4103
6753
13893
11953
11670
7426
16249
16250
10278
10796
8913
15543
16255
14112
8853
16258
3454
9863
8488
5173
3814
6022
13875
2386
1416
16268
6926
16270
2696
16272
9687
8730
16275
7184
2310
7116
16279
6871
1166
3183
16283
16284
10973
7918
16287
691
6541
3203
16291
8116
434
13998
645
15977
11725
9497
3046
5204
1600
16302
8218
9017
7622
5709
11403
9037
12634
14098
2340
4979
16313
16314
4897
4649
12095
11767
5814
15277
6355
13731
15967
12896
550
7699
16327
13329
14547
8343
12921
16332
9888
1455
15966
15091
3055
7800
16339
7723
10676
13508
2741
16344
3328
16346
9757
455
5667
14735
5351
16352
10316
16354
10445
16356
734
16129
9337
7088
16361
13476
8920
16364
3599
14025
234
544
12187
8576
16371
13464
5690
16374
10030
13046
4396
13084
4461
12119
7375
1584
14859
10703
