171
210
242
199
5
6
7
8
217
10
246
212
166
14
42
22
93
236
15
179
201
22
59
155
172
153
27
194
29
153
66
15
243
114
55
86
184
38
229
40
1
170
143
210
45
155
85
171
49
144
51
40
53
54
80
185
61
172
165
75
94
109
134
64
248
25
67
30
186
177
71
72
95
200
75
163
209
78
254
248
136
226
248
50
112
86
202
204
196
116
91
235
195
20
95
39
110
184
114
100
204
37
247
195
61
20
124
237
115
110
68
143
67
65
134
202
35
126
251
146
71
199
86
186
34
64
124
53
103
233
237
216
180
17
135
206
137
119
77
225
242
57
143
83
53
199
147
149
118
76
95
201
89
41
15
31
126
200
159
64
190
67
117
36
44
97
251
223
169
113
171
200
173
85
175
189
168
71
245
251
123
187
143
184
240
6
237
135
207
70
176
221
100
45
195
165
164
198
234
231
24
13
18
120
205
7
241
232
206
69
164
118
139
152
112
6
82
254
219
245
87
222
235
124
37
48
43
228
2
147
87
166
233
54
65
236
237
140
77
77
158
242
243
196
84
142
171
33
210
250
78
150
253
93
229
256
