37
2
6471
7157
3707
403
1746
7878
5232
5986
4287
6368
13
3456
2392
4655
1366
6875
4899
5133
21
6383
936
756
8148
6374
7772
28
5893
1578
50
5972
2556
34
385
5226
2592
6856
4190
6298
7258
5936
5983
4298
3729
2078
2473
7184
49
50
51
52
4469
7127
357
3152
3833
5489
1342
4768
6245
1297
2949
5824
65
7189
4526
5873
69
4969
7081
72
6257
2002
75
76
1480
4920
6191
80
81
7777
3986
3934
5568
86
87
91
7662
90
7645
2563
6654
94
3921
1497
7010
98
99
7072
101
5329
4307
222
1904
2359
1518
4852
8182
515
1185
112
5862
5483
115
73
3926
7484
1552
654
5482
1136
4639
124
1224
6703
127
4729
129
693
6155
7291
7346
1884
595
6164
763
5923
2278
984
7826
4636
143
2502
4485
4625
3016
5669
2294
306
5741
6219
153
7789
155
7292
6872
5078
235
3318
6301
6938
8046
164
6994
4900
7144
6147
6783
7738
4118
7546
173
5468
6395
337
5101
2838
179
180
181
2838
1393
7462
5853
7061
1563
6158
4609
7782
5754
192
3708
6461
2640
3943
1587
198
748
200
2688
202
1440
7741
7587
392
5696
6178
8129
1621
5531
212
213
5405
8016
5867
2313
2661
513
3706
221
1931
6365
2574
3493
226
4331
7183
3082
1892
231
2698
1351
4531
6640
2937
5279
1135
4376
240
241
4827
530
4767
245
2330
6707
4704
249
3951
4045
1916
253
3774
1719
256
4228
6434
2231
260
7933
172
404
2315
265
3665
267
4734
1305
6746
6625
4002
8096
2964
2450
2840
50
3584
7216
4876
281
4113
283
3790
7206
286
2627
301
2964
290
6671
2216
6737
198
295
6444
297
4978
2428
6184
5150
302
2831
306
305
622
7564
1610
309
7367
5997
5612
313
7271
768
8061
1918
318
817
3452
941
5692
7565
324
4731
4705
1999
5031
329
330
331
7668
478
334
7247
336
6212
675
5498
340
2998
3102
3489
8147
5933
3795
347
348
349
350
576
5304
5404
354
7942
3108
2823
358
7020
3875
2691
746
4691
6143
1686
366
2191
5515
6416
6895
7513
3255
6371
374
7990
2309
4390
472
7806
7387
3574
3102
7341
1314
6896
386
7916
6617
4108
7666
391
1533
6930
6493
5407
1429
7238
1906
7571
400
401
732
4096
4893
7147
2798
4213
2209
976
4011
4517
5366
4482
4130
4560
416
8055
7232
3709
1176
5935
3432
7793
1850
425
2905
1133
588
429
430
1206
432
433
6539
2016
436
251
438
252
440
1394
982
4347
444
6286
8129
7145
2306
2145
450
8120
6316
6662
5293
2606
2599
1661
458
459
2468
1638
462
5369
3644
7573
608
3244
1230
3513
4376
471
1817
473
4718
475
2722
477
3832
4968
2974
481
482
5225
484
5950
486
7320
3318
5886
490
6272
5624
8030
6200
3747
6499
3300
6352
906
4960
501
628
2543
2136
4271
506
1923
2744
509
7514
3153
6256
3697
4969
2781
6418
609
7748
1199
5833
5505
327
959
524
525
526
3198
528
6598
6582
3036
4605
2136
1342
7905
296
2247
538
4672
923
4790
542
6808
544
5193
6712
1359
4514
549
550
1672
7614
18
6641
2202
6435
7249
1757
559
7634
4889
7262
7960
5847
565
2267
6365
4236
5302
2778
571
6372
6644
2490
6667
698
7161
7589
5487
5776
4589
582
583
4007
7134
586
910
588
5678
6555
927
4126
593
564
7361
3182
2321
6802
8071
1390
6569
602
5725
3656
605
4742
1769
608
766
7519
8140
612
613
7409
1816
6614
617
8106
784
6010
5401
6560
2406
1215
5501
3315
6892
3864
4241
2826
631
4427
3409
6007
6747
2019
5885
8136
395
3418
3600
642
5136
644
645
5186
4365
4462
5133
3581
6277
3554
3494
654
7061
1371
702
5428
3776
660
661
1916
2736
664
7090
616
6599
3138
669
3441
2834
672
6546
1255
1388
676
677
372
7140
1332
767
2365
4931
684
5902
7550
687
1103
2172
4490
4683
256
8043
8176
695
7316
1221
686
4551
4996
2601
7287
3893
3216
5693
7030
6656
334
709
710
5383
7911
1722
714
715
5755
6858
3053
6521
720
1030
722
7983
4230
725
387
727
893
6401
4876
5575
732
6657
4726
5558
5780
5946
6243
739
740
2139
2749
652
1233
6641
3867
6925
5478
2331
7259
2668
752
2049
788
230
714
3840
6750
759
1743
3630
2788
2129
4522
996
7004
1904
7652
769
3537
7461
5240
1290
5512
7378
4038
777
6163
418
2486
1837
782
7342
7963
4167
6408
2438
6215
789
790
7195
2668
793
6928
2842
1225
478
798
6471
4012
801
802
2606
2800
5008
1417
4703
808
4467
4953
3972
1514
6242
1291
699
2087
7453
1116
4572
1097
266
4342
5264
824
6673
826
827
6780
3286
5676
1255
2022
325
2479
2499
6796
6491
5105
1403
3306
6521
6106
7772
3282
1885
846
1094
1331
3175
850
1792
3418
2435
2908
7989
3531
857
858
3173
4139
602
1653
2726
3888
7328
866
867
3980
869
5909
871
7653
6458
215
6256
4756
877
5319
7658
880
8061
3648
5571
7641
6929
886
7455
542
67
2437
2333
892
3484
4871
5240
3281
210
220
7419
811
1873
1952
4698
1008
905
5931
2414
468
4196
2629
6723
760
7947
6189
628
3402
3567
918
76
920
2138
2830
617
2205
5266
2950
5688
1945
8189
930
776
2154
217
2
2964
936
2089
1953
939
7662
3096
7883
1883
944
3564
3887
4511
2094
4646
950
4266
90
953
5273
7667
3657
5349
1613
6486
5965
3817
962
3559
722
965
1312
5503
719
2088
7656
935
2089
973
2428
3023
4042
1897
6118
979
3732
981
982
3779
1489
7618
986
98
3583
4071
4363
3672
1152
3837
994
7328
6500
5449
998
5621
1000
4272
1073
988
4994
2385
6490
5712
1008
1009
4472
5954
6646
1013
6560
189
1476
2409
2085
1019
7593
6141
5863
890
5566
5960
4472
1445
2130
8143
2596
5967
7279
903
3223
4707
5174
4296
5694
1975
6680
1041
3992
7686
2959
1753
6139
1326
1941
7614
3735
4025
1052
7015
1683
1695
7904
7248
7655
1059
1060
4183
500
1592
4133
3095
7558
3219
3997
2589
7926
979
6884
5427
2953
5371
1226
2447
137
1079
2978
1081
393
1462
4918
8007
1086
5196
1088
750
6829
6878
2445
1093
6540
5934
1907
2530
6433
3498
6662
1336
2864
1689
5332
5452
1422
6310
1108
1109
4143
6848
1071
1321
8074
3517
1457
2859
1118
3909
2918
1121
7777
3723
8114
334
1126
1127
2359
6799
1130
2778
706
4540
4684
3235
1136
2781
1138
8182
1140
1705
4116
2853
3393
1255
112
4814
7565
4254
3469
443
5574
3350
1154
3959
7030
1157
6209
1159
1160
7867
1162
1755
1164
5793
3398
1676
6126
1169
1170
1171
1172
1173
5756
283
712
6462
1178
1179
4822
1181
5395
1504
7602
5384
3208
3525
44
6600
1190
4780
155
3221
4152
1195
4408
6690
4594
1789
1200
1847
360
626
8055
34
2381
5655
3431
4056
1210
3589
995
4338
4300
7456
968
1502
767
1219
1220
377
6886
1223
3975
3902
6929
2382
489
7084
1230
1231
5603
4640
3299
4100
1041
5088
5946
1400
1240
5713
5809
1433
1244
8093
3271
4864
3957
1249
6859
5858
102
2966
5121
1069
4468
5887
1446
3161
1669
5347
1897
4051
5835
1265
788
1461
2282
1269
4087
5560
1272
3322
982
3313
4721
6694
929
6153
6595
4200
2824
2359
1284
1285
1286
2866
489
2460
5832
5609
3529
2107
3304
4974
5267
4972
2128
1299
7163
830
7962
7951
2290
2051
3845
7849
1308
5372
4826
2970
1900
3327
3898
8052
1729
1317
1318
8097
2684
4087
1322
2771
3172
1325
6547
410
589
1883
2516
3892
1332
6856
1334
7782
671
791
6752
1501
560
6510
3790
2610
2162
3447
7981
6987
6416
1349
1688
1351
2122
2121
1547
3850
2026
4230
7937
4796
7402
6291
1362
5205
1364
7990
8173
7720
3689
6836
7309
4359
7626
5868
1374
5859
8185
1377
4186
1379
1457
2602
6347
4903
2390
5142
3126
4077
7263
5246
5623
2920
7271
1661
1394
1395
2664
3874
870
762
886
667
742
413
4355
7577
7721
521
1408
7010
5397
6380
7002
1390
1414
1415
7836
1411
1418
7736
4546
3800
4685
7671
1424
7876
3755
4724
5307
1429
1430
6675
3803
6967
1146
7676
7836
1908
1438
1439
370
310
2649
782
1444
4664
2034
311
5184
851
5707
3371
1452
7853
7096
1455
3014
1071
6639
1459
7559
4871
3132
7037
1464
4554
6886
1467
1468
3569
1668
5368
7371
442
6514
6854
1476
1477
85
229
7223
394
2877
8005
5057
1485
1486
1487
4910
123
2049
5761
1492
5829
5419
5421
4732
241
6491
3178
7799
3169
6309
6644
1504
7723
5003
2020
1198
2178
1198
1640
1512
1513
499
8051
1724
1517
727
7082
2118
3604
6894
7174
321
7016
1030
6081
4652
6449
1530
3309
1191
6689
1608
4368
1536
6295
4776
2485
4746
1541
4306
7487
6765
5504
1472
7962
7143
1971
7821
674
2697
6710
2791
6300
5411
1773
1558
6621
4234
2802
1562
4509
693
1058
7818
1883
7746
1233
6250
5849
6008
542
2402
2122
8028
1577
975
7625
1580
1308
744
6575
1584
3278
372
7248
5974
7081
1847
1591
4082
4299
3619
1595
1596
2510
340
6420
1600
1601
7018
1032
7478
1605
6643
2914
7031
1609
7875
972
4687
1613
1614
5691
1513
7089
7812
1349
8063
7244
2656
614
5626
5933
986
4681
1628
3714
8066
1631
6527
7795
4173
1953
2112
4512
1638
1639
1640
1641
181
938
5544
1645
1646
1647
7658
7580
1650
265
6496
7263
1236
2991
4761
2749
1658
1887
1660
4380
4097
1757
3431
6752
2370
864
4492
3355
1670
5544
1672
13
1674
3229
1676
1677
3879
7808
7401
5831
1682
1727
1684
3720
6011
2664
1071
5476
2052
1336
3780
1122
2571
1695
1696
6770
5882
5319
1700
464
2069
1223
1704
2220
1706
1707
5499
1709
1710
1711
1712
7974
1714
4589
6362
4273
7944
1719
1720
3713
4286
2980
7591
3901
2188
5230
5627
1729
5907
3048
99
1733
6978
1735
332
1737
2150
121
4111
3271
2691
2688
960
8010
3151
1747
3028
1040
5370
334
822
1766
6695
5094
1517
2215
1187
4496
1760
1761
1614
5087
6683
1765
6843
1767
2522
4398
1770
1698
2620
3183
2029
1775
4769
3303
6139
1779
1780
8039
5993
634
806
5810
3784
3833
6850
961
1790
4166
1792
7671
1794
2727
1796
2668
4572
4243
4882
1801
5759
547
6495
2653
7229
5145
5174
3434
1810
6843
7793
1813
6616
679
4369
1726
6818
4215
7719
7451
5020
5336
3043
1825
660
3993
4003
1829
1830
4825
1832
3471
6729
7492
8043
1837
2780
4182
5609
3326
2484
1843
69
2362
1846
7629
1848
5243
5796
6279
4843
1853
4219
6957
1020
5945
5582
1859
1860
5234
5471
4841
2062
2614
1866
1867
7883
2721
1870
6607
3693
7546
1885
2230
6845
1877
1735
1879
5009
2834
7343
1883
1884
1885
142
5318
1888
1889
1890
7412
1892
2503
4754
4462
106
2840
1112
1899
1900
4325
1604
2131
2077
1905
1906
7186
1908
7365
7547
3834
1234
1913
1968
3524
3954
1917
1918
382
7216
1921
3307
2267
1253
1960
4001
1927
6261
4793
3152
6402
1918
2371
1934
713
6671
6832
818
1318
7943
5142
1942
2922
1882
7218
1915
1947
1054
6572
5748
2287
348
1079
6240
729
102
1957
1958
1355
1960
2995
1355
3314
6996
1965
7615
1967
8106
1955
5825
1832
4325
6537
310
2964
1976
7354
1978
1979
1628
1981
2714
4304
4549
4595
3329
6463
5648
1709
1990
4018
7934
2056
5096
5982
2784
5197
7336
5779
6551
2457
4582
5974
2370
2005
6536
3606
2008
4201
2010
2668
1950
2013
2014
4511
5631
1111
6138
152
2020
2021
2022
5414
2494
4747
551
764
2202
2029
2259
4781
1944
4314
2034
1684
7925
7097
6880
7068
4683
5239
2042
1332
2044
2045
1072
3020
3701
7607
6625
7902
2052
2082
382
2055
4220
2057
7712
1492
2165
7864
2062
6906
4658
4418
7456
5421
6619
1522
2070
2009
370
5835
3692
102
4739
2379
7169
1230
7617
308
2301
2444
4009
2085
1716
2087
876
2089
3718
2091
3797
1257
7937
2095
3317
2749
1909
2988
1462
6566
7405
725
3794
5831
2246
5802
6201
8080
1301
6302
4626
2113
3679
5279
2116
5855
3104
5586
2120
8156
2122
5547
1402
2125
2126
1679
6423
5119
2130
5475
7679
4863
599
2135
2235
6771
3586
3696
5144
2798
2142
4420
745
2145
437
6665
6546
2149
6637
6552
7846
4746
2986
2155
3333
2157
1832
648
6436
7418
2162
611
3790
627
2166
2167
2168
2289
2020
2171
5746
7764
1507
2416
170
3741
995
3756
2180
7437
6138
6553
3664
6883
2186
6989
2137
5236
5433
496
4890
1987
3481
30
2196
3818
2198
4129
6465
2201
3043
4739
2062
3670
2206
2207
7028
2209
4082
1223
6599
5588
3638
6768
1136
4632
2331
380
2578
692
4044
1268
7680
6180
6503
4921
2228
6675
2230
3200
6907
2233
2234
2235
1964
3229
2238
2532
2240
6092
1501
5575
2638
3563
1052
1473
7644
2274
2250
8071
5039
5911
2254
6647
6174
2257
2351
785
6554
4928
1476
2405
6195
964
2266
392
4505
5884
7066
7705
4598
2273
837
2741
7129
6928
4242
2279
4511
1374
7804
5562
2846
7255
7835
2725
4101
5554
1179
2082
7904
1963
2294
443
4639
3439
2847
2299
2641
4402
3238
2303
7145
2305
2093
2112
2308
6657
2310
6690
2948
1206
5626
1684
5447
1945
3057
5058
7506
2321
2322
5902
4120
7149
434
28
4510
1612
2330
2109
4221
3575
2552
2335
667
7013
5398
3307
3222
444
2259
5314
2555
724
3811
2347
5502
1929
1244
7185
2352
7375
3188
2049
4240
2502
7951
2359
167
1458
192
194
5967
2365
1804
2367
2302
2369
1995
2371
5378
4853
2661
4198
2059
5967
7419
2502
33
4540
2382
5056
2384
756
158
2387
2365
2684
1401
1358
2392
1866
2394
4589
3406
2397
2398
6105
7090
3164
6271
2403
355
3356
6464
6321
5159
574
123
2344
5426
2783
2414
2415
6541
2417
7484
557
5767
2421
1793
2423
589
2114
6848
1345
2271
1021
4028
3671
2432
2378
2434
5894
67
5783
3806
7156
755
1885
7510
4110
156
5638
1076
729
5760
3419
6155
350
1767
5446
2454
906
7533
2457
2458
2459
2460
7239
2462
1495
1454
5894
2466
2839
3724
6914
6866
2471
7394
1099
4567
7461
6882
2477
181
2479
6424
2481
7636
2065
5742
3553
2220
3187
4628
2949
755
8046
911
1104
1620
6356
2010
960
5402
3504
2500
2413
2502
3104
2504
2505
2506
6342
6136
2509
1825
5015
5337
2924
1390
4605
1613
1570
2837
1056
2520
3634
386
2523
2524
4608
2526
5853
3572
2529
1043
609
4326
896
2534
2535
1519
2537
5430
2539
2515
7875
2542
7439
3474
5084
2750
5886
8187
899
3829
1820
5913
973
2554
4743
7302
5578
6355
679
2560
222
7410
4312
607
3825
1973
4178
4867
2569
2581
312
5762
4100
5741
2575
84
2577
2578
3782
4987
3557
673
7736
2584
1250
668
442
2588
2589
5078
2487
6354
6050
7229
5464
2596
3435
5391
6142
2600
3656
4608
2603
2604
2262
4262
240
4234
2609
248
5106
6814
559
2614
2675
2721
2617
6299
2758
6502
3093
6314
2623
7175
2636
7563
7842
3077
4448
2136
1238
2305
1172
2634
6701
2636
5740
6562
4651
1203
2977
6912
5465
3216
2953
5712
129
1574
6270
2803
4295
4376
2653
5560
2604
7468
3681
2658
2659
1586
1911
3051
1235
4987
7498
2666
2667
3370
6224
1610
4541
4733
7349
2674
2910
1191
360
5886
8102
5824
909
2862
3343
1037
2685
4435
1420
3839
537
5795
2691
1206
3141
5070
4886
4726
6980
2698
7936
5961
3774
7241
2703
1138
1805
2706
659
5679
6537
8007
396
2712
7727
174
6282
7636
5997
7190
2719
2305
1147
35
6740
2724
2566
3873
7276
2728
2729
2730
168
5079
2224
5237
2735
1772
6950
4024
1516
4718
2741
7797
564
5855
1410
1222
3341
7946
1037
3737
7481
1210
1826
6924
7207
823
1037
161
857
2760
2761
7776
2727
4730
6859
2894
1616
891
8131
3387
7840
3962
4902
4365
3567
5466
2027
2778
4976
6687
5368
2782
4729
7723
912
4017
2787
741
2789
2737
2749
7947
3559
3785
8107
4416
3368
2641
953
2034
5535
2568
2924
5473
2805
5954
2571
1242
2664
6935
2811
4808
8129
770
1591
6623
6137
6320
6154
7048
2144
2822
2823
6894
1592
2826
4892
6648
5150
484
2831
6562
1373
2834
3851
1011
2325
2838
5885
2840
6545
4892
616
3825
2845
2654
2847
3187
5066
2850
5317
1929
1682
5253
2855
2698
3272
3683
642
1399
1644
7689
3543
345
1088
242
6992
6238
726
2870
5362
7610
2873
2874
4576
2876
2877
6372
1743
2268
2881
2882
4724
6634
2884
356
1095
6070
2889
5421
6411
7998
7102
3471
2504
2182
7154
3145
3580
605
2642
2902
2903
7122
950
3729
2907
2908
7364
7941
1774
8089
5110
2914
1192
4472
3289
2918
2919
2934
2921
6740
8012
1375
1431
175
2470
2928
7500
5596
688
7305
4505
4159
1616
2936
6686
2938
3120
4761
2074
3724
7402
1003
4673
2938
174
4422
2949
4712
70
1339
5903
4542
2955
4628
644
2958
3089
2960
4447
2018
4519
4622
4487
3826
2025
5175
2969
2938
6529
1141
2973
4554
5023
4260
1122
7096
7983
331
8098
2982
4464
3268
80
693
2987
7979
2989
149
2031
5689
4690
6658
6332
7778
2913
158
4104
7534
4644
7929
1366
1626
2675
7894
2766
7228
3009
4724
7025
157
3627
6816
487
3533
3087
3754
3019
3612
3779
3541
3760
5809
1037
258
4275
7369
8035
7187
7526
3947
3033
6528
3977
3683
7893
5603
3039
6357
7594
3042
176
5392
3045
4126
7201
5548
7752
5824
6034
3092
718
1596
6703
3056
3057
4496
5136
2271
2112
3062
6172
2528
6386
5348
2370
5380
4681
6316
3071
3072
3715
466
1807
3415
6068
8163
2817
6243
5363
6942
5251
2718
6501
2882
560
1401
3599
2155
3091
8103
8094
7290
2181
2014
5269
4708
207
2425
3101
7078
5587
7105
5201
1109
7570
7007
4524
3110
5445
3112
6978
7340
3115
3496
4148
6089
554
6865
3121
4397
3436
7424
3125
5797
7034
1386
5708
6936
483
7888
3133
3134
3135
3136
3137
757
5752
4404
963
8176
3289
6549
7088
3146
297
7658
3149
6466
7304
3152
3989
3718
6089
3136
7213
2044
1032
7767
716
5428
3010
8140
3033
1851
1333
548
594
1816
3171
243
1350
7567
4646
2313
3177
7550
7934
669
6445
39
134
4718
7342
3186
4122
244
5238
7257
3191
7456
7281
96
7030
7996
5524
1847
7943
364
3201
3698
1084
911
3205
4291
2899
3208
1153
5641
2273
5799
7953
1630
5540
429
8074
3218
5578
563
4600
3222
3223
4727
3225
4684
4843
1772
3749
4106
860
3844
2944
664
1175
4790
414
1538
3239
295
3241
3242
1497
2448
4586
4395
3247
3601
2034
6667
1207
1794
104
6746
2222
8178
4132
2784
4585
666
3261
3262
7468
1235
2438
3266
3024
5340
3297
3270
6867
91
3960
8042
3275
4881
3277
4374
1387
5175
5870
3835
1568
2073
7435
3601
547
449
5394
651
3291
7194
7616
636
3133
2207
5220
3298
3799
1482
6454
6236
4505
3304
3305
3601
1340
3308
3180
3310
3692
5300
3029
380
1481
4415
5554
7350
57
7122
1230
7491
2530
1777
7939
7924
2427
6941
7347
3330
3331
3062
1881
3334
1361
3336
89
5679
2843
6542
3722
7347
1950
5062
2334
5641
2169
5362
3349
3350
3351
6020
3649
1585
3382
2806
1641
2311
3359
3360
4036
940
4840
5812
686
3366
4571
46
7626
3725
3371
3107
1315
5086
3195
6993
7928
1544
2523
7082
3493
7584
1224
942
1560
6585
6961
5208
3389
8169
2150
8013
1618
4460
3856
3396
3397
3398
2557
1108
3401
1475
3403
3242
5678
3406
1520
3408
2676
1211
4626
3990
6296
7820
3415
2790
6031
1171
3419
5312
4920
4664
4703
6143
5605
6262
3427
4536
4373
3277
4512
6523
3098
6129
2790
6953
493
3897
236
3735
1383
1755
3443
6410
3445
2593
6381
2207
3449
696
6008
4996
6726
7179
2116
3453
3457
3650
6818
1404
3461
1062
4888
5939
5434
8164
2258
3764
3469
3069
195
6554
1830
3474
687
2258
2065
4421
3479
3640
3481
3819
2638
6232
2007
3486
4844
3488
3489
6927
3491
3492
3493
3494
8015
1648
3497
5460
3499
7001
3763
721
2458
2388
2124
3519
7275
8062
760
7247
2127
4524
2123
3514
2321
2885
3952
3008
3519
5142
6016
7428
590
1643
1874
3526
6821
3649
6717
5556
3471
172
2823
2279
3934
3536
3543
4736
6322
5666
62
5404
5535
822
4458
7662
5345
3548
6581
1790
37
2340
3553
4797
5178
164
4033
5767
1806
5906
4396
5454
4430
1759
733
4602
4581
3011
343
8124
7747
6664
5597
7808
3876
2940
437
141
3579
2409
5781
6721
3583
4198
5817
869
3587
803
2803
1032
4835
377
2837
2548
4772
3596
98
3598
6977
3600
6530
830
3386
3604
2919
3841
3729
2850
3395
2200
254
3612
3613
3010
6075
3193
3617
3447
6216
5601
1035
4744
1607
3624
6852
3626
5612
2409
1462
6643
3631
7243
1838
1287
1598
6610
1385
382
4947
2214
3641
3768
7865
6054
7496
2522
1256
1503
2776
4266
3651
7578
5968
7712
5601
3377
554
2152
3659
4983
7405
7764
7391
674
3665
6214
6441
2512
3669
7501
3671
8038
3673
929
693
227
5875
2906
3679
3994
5548
768
3297
8069
2023
4800
2652
6288
4185
3690
428
5807
1593
3804
6361
3744
3697
3698
594
5573
3315
7984
6247
1337
6232
566
645
3708
3709
6077
1494
1337
6303
3714
7368
4242
3717
2105
4723
5009
5401
4600
7032
2008
7251
5127
6192
7678
2742
3730
3731
7784
3289
3734
910
3336
3882
6482
3739
6650
3741
3673
4536
7986
1712
3746
5101
438
7788
3750
6594
3752
1774
5899
3755
5770
6016
3758
3759
3760
8003
2300
2832
5211
6899
1671
7219
3768
5958
6798
5218
5443
1347
4810
3775
540
2256
8145
4421
3780
545
6602
8094
5081
3785
3786
6396
1613
1989
6833
1209
391
3793
3794
415
7107
6160
3798
6430
6917
3801
3802
3803
267
3805
1069
3935
7166
3809
2740
2961
3812
4931
3814
1345
3816
8179
3818
2181
3820
2691
4796
2720
4946
4748
7141
5490
3157
7042
3830
2378
1360
462
4367
3835
1
1670
4757
415
584
2724
6844
7500
2990
7912
3846
3243
1963
2459
6203
6893
3803
6189
882
6493
2792
3601
3246
7539
2549
544
2504
3863
1398
3865
3866
2921
3863
1860
7287
3863
3529
3851
4277
4113
3876
6574
2928
3420
1372
2648
6662
3883
3334
5106
3886
4673
2035
717
2669
2916
7209
5461
6516
2263
4807
873
2806
7310
2270
5726
2981
4129
4821
6843
7658
479
2928
3578
7053
5855
3912
6997
232
3915
310
5467
3565
3919
5416
3921
1947
3923
5599
3925
3926
6132
4615
3929
322
5148
1883
6838
7410
3935
6690
7710
2023
5807
1787
3941
7749
595
5916
4377
7438
5381
4855
3949
3950
2173
3952
766
3715
8027
7762
3957
3946
145
5036
3961
7511
3963
5560
6982
4917
3967
3499
3405
5239
454
5287
3884
7864
3975
3784
3401
1694
1399
5187
1250
1993
2910
5626
1238
3986
98
2289
3410
3990
3991
3992
863
6003
3245
433
1757
3389
3999
5468
4001
1075
4003
756
4258
5991
4254
7662
4009
4010
3037
4012
4707
4756
6920
4378
4017
348
2128
6072
1746
7315
4023
7321
3738
2032
4755
4976
4029
2130
7043
193
2992
4853
3437
3424
6609
6825
4039
4040
700
7683
4043
4044
7580
4957
5482
4048
3641
4426
4051
326
156
989
7246
4056
4533
1336
1181
4060
2412
4062
3081
4064
303
1541
6819
2335
4069
6295
3602
4072
4073
4464
5145
3794
7455
1805
7231
4080
2687
222
5863
3386
7904
5251
150
5193
699
4575
5519
854
5563
4572
5387
6899
5752
7798
1787
6055
1146
413
197
7440
4014
4660
4392
7808
3922
6197
4111
6846
6608
6418
4516
1801
6129
1574
1950
3130
2273
6524
4123
456
3126
3895
4127
5027
320
4130
2601
2586
4133
8118
4387
448
1071
4800
644
319
4141
621
5303
4710
236
1033
2714
7081
4149
4150
7640
939
3405
1249
7068
4156
4978
3198
4159
2005
7250
1530
4163
2460
2184
5424
7486
2503
8024
1879
4171
2428
4173
4218
2327
3499
825
4178
2970
3817
1446
4182
4183
81
4185
334
4187
4188
1681
1113
3048
570
560
3986
3974
1808
2861
759
5006
4865
8009
6535
7324
2000
3766
6617
4502
3597
304
6930
7814
2630
2236
4214
447
4216
5599
6052
4219
4220
1892
5679
6385
3572
6791
4226
1240
4141
7351
4230
5226
8114
966
8086
681
5971
4759
497
4313
4240
3890
2496
8078
2315
6997
3482
2618
5734
3104
4250
5247
4252
7969
4254
4255
3550
2653
5828
5441
140
4021
820
6930
4264
5260
4961
6088
2293
4882
7054
2187
4272
5562
4832
6945
6058
953
4278
2642
361
838
4956
7358
4320
7573
4899
4287
7423
4627
4676
4291
2780
7280
2311
28
7419
4297
6331
847
6156
4301
3399
5807
4052
5691
2497
2913
7877
8058
7744
6629
5924
504
1079
4315
6284
4317
1342
4319
4320
6034
5449
5661
5415
2156
4891
4327
1849
4329
4330
4331
6831
7670
936
4335
949
7697
162
4339
7280
4341
351
6318
2486
6158
2177
8176
462
4349
5089
7861
327
4640
4354
6297
6250
5144
7375
4342
6485
5217
1598
3953
4364
4365
2439
3753
4368
651
4287
2391
4372
128
5223
3340
7824
5384
2427
8174
3509
4912
6139
5685
4895
4385
6600
2581
4563
6927
7221
2668
4984
4172
1850
1133
2464
7066
2731
6416
1312
6483
7066
5599
682
7193
2629
4407
4021
6824
4410
4411
8012
6447
6805
3329
4416
3166
4752
821
8060
3159
3402
4431
1893
4425
2430
7098
4428
6877
6601
755
8009
872
4434
7821
2547
7287
940
4439
838
6160
6538
1519
5160
974
5539
3791
794
4449
3793
4451
2403
4122
4454
6958
7154
4942
6825
2121
151
3063
4462
4013
2580
4465
1968
2697
988
2723
2514
1859
2351
4473
5060
4475
953
3290
4478
5897
7112
4481
1636
7415
4484
4079
2609
4761
7869
3402
361
2080
7523
7318
1041
4273
5951
4497
3161
4499
4423
821
7174
7003
2789
1678
7990
5511
4191
1657
7861
1059
4512
2609
4514
2958
6955
1529
4518
4593
6178
5607
7202
2746
5284
2411
3107
7363
1742
2232
211
6014
8182
3372
2244
811
2353
1054
3599
4030
852
4541
4542
917
29
2508
585
1087
5116
3542
4550
8041
6644
8135
6026
4059
7144
580
4558
1150
1362
4561
3686
320
3103
5917
530
924
5907
4569
3901
3168
6717
6253
4221
4575
2123
2091
5072
3039
4580
4581
2119
4583
7579
3623
3205
4503
7164
3053
2954
7106
887
4593
7012
6057
1466
8161
7419
5151
288
2329
4602
2875
818
4605
3253
589
4718
4609
6420
7305
2779
4613
2448
1235
4869
4617
7520
4273
6987
6906
7895
1999
4624
4625
3216
6867
5051
6170
5780
5937
4632
4989
3645
7402
4958
2871
4360
4639
4640
5245
5199
7235
6062
4645
259
7823
2588
4649
6678
6936
5366
934
8170
2042
261
4251
4658
836
4660
4661
7166
4663
3953
2834
2190
4667
4668
2627
7884
167
4672
215
4674
5629
5155
3859
4838
1920
6729
1006
7165
4683
4684
3735
48
5034
3994
7870
7621
2479
6613
4794
3412
6591
6835
3672
2649
7670
2646
4701
6601
2311
4835
1036
4706
2003
5001
1250
7631
4711
4712
1963
5108
4276
3883
4717
3644
5281
2855
7378
5328
7888
3179
5006
4726
7317
4728
5658
3426
3918
877
4733
1824
2561
4549
4472
4738
2038
7194
2881
4349
3836
3916
6351
644
5165
5789
2606
2080
1872
6488
5723
7153
1150
4908
4757
4288
846
8087
1101
4762
8162
4764
5552
4527
4767
4768
3887
6428
6350
4772
6447
2784
2630
293
1785
5510
4641
5620
1233
2799
6263
6397
395
677
284
2266
7164
6006
1226
4792
122
4794
4795
2721
5514
967
4799
2615
4801
6614
936
8166
2948
4806
4822
6402
1106
3077
993
3735
3369
2778
1052
8009
4817
205
4819
2284
2615
6468
488
3009
7144
771
5274
6115
6776
4830
6500
6236
1304
3821
7202
3919
4837
2242
8137
3892
5190
4767
2101
6295
7843
3094
1837
4848
3019
5871
2888
2835
6075
5171
5449
4350
5658
265
4859
3301
6428
5538
1224
5011
3845
7459
6314
7665
6469
2040
1715
6413
4873
5932
6904
2987
8032
5006
2637
2933
6842
5655
611
1537
4885
297
4887
6686
4889
6707
5745
2843
4172
6009
6144
2407
3355
7367
7417
7199
6633
5538
6672
4909
7578
194
3130
5317
7097
4910
4911
4912
6116
5156
3910
561
8089
2559
6215
507
4921
4922
4095
6512
7192
2609
4064
1843
6780
1881
7986
994
5235
4934
7160
218
4241
4938
5600
5755
2720
4942
2317
4944
4945
5140
4947
2913
5446
2264
1817
3369
7420
5726
4955
3929
7316
92
1952
7822
4186
4962
271
4964
6822
6794
4334
472
5381
6214
265
6374
3256
4974
7424
6591
7497
4831
4154
2024
4981
7147
1101
4984
4937
4400
3365
6753
4989
4990
7769
2592
4287
3505
1715
4378
5456
1344
372
5726
8165
5002
7165
5004
1868
5006
444
4354
8081
708
5011
2535
3145
5014
8131
934
2449
4770
5019
5087
5021
5022
4472
3724
6187
5026
1216
8124
1359
7969
7700
5032
3950
4063
5035
3012
5037
5664
248
276
7008
619
6001
6980
5045
7784
7868
7424
3945
7757
5051
8131
5053
6479
2709
5056
8070
7412
5157
4647
4306
1436
178
5064
2301
5066
2652
109
3659
2428
7808
7609
6490
2628
5080
6737
2903
3895
7356
711
2683
6947
387
1914
2699
8143
1852
985
2659
1729
205
5092
5093
7815
6375
4510
1058
6553
6810
3709
6661
2277
5103
6136
6277
1693
4433
712
6772
5110
5111
5112
2978
3614
5115
5116
2475
2141
4324
5157
895
5122
5123
4710
5125
7070
3593
4660
729
4577
7318
2458
4781
6940
640
1099
7998
7192
7908
3514
5661
1992
1458
5144
3745
5146
3684
5148
5890
4456
5151
2264
675
8069
4738
2815
5157
4200
1702
3709
718
579
7301
5377
1307
3686
4503
5168
5169
3764
274
3250
5173
4404
1372
5176
3055
5178
3403
1088
6569
871
5183
5184
3079
8026
4615
6763
5723
878
834
6398
754
5571
5195
1020
4954
7272
5199
4729
5671
7850
3837
2855
964
5206
7522
7357
4728
7796
2415
939
5213
975
5469
5216
4341
2062
3845
5212
5141
3678
1634
3711
1209
5226
2512
4544
5229
7606
3265
5232
1922
433
26
1001
5161
5238
5696
658
806
359
1621
5244
135
5246
7715
6348
7930
1937
7286
713
7406
3435
2774
3058
5257
454
7914
6736
2087
3432
7944
4598
7975
7357
7863
1704
7789
7888
2704
4758
5392
3361
5563
5750
4982
5697
5272
3137
5435
5282
7209
2231
6147
6422
5665
728
1287
6118
450
8022
12
5294
3881
7773
4610
5298
3664
6937
5301
5302
4280
5367
6534
3975
8071
3099
1174
3239
469
6923
28
6165
4003
5316
5317
3165
3407
3019
5395
1361
5323
1248
2867
2089
2534
792
2538
2364
5331
803
5333
6418
1944
5412
1889
689
1499
5340
7256
7222
5474
5344
7134
2128
5347
6647
2180
2596
5378
2208
568
5354
1188
5356
5372
3975
4206
2574
5335
5453
5363
5440
7423
7986
5367
6231
1768
2157
5371
5372
5373
5374
7033
8186
5377
4101
4253
5380
1882
4789
5751
945
3818
3032
8078
5388
5945
1487
2066
5392
348
6864
4273
915
8051
5398
1452
5400
4889
4064
4025
2032
1324
1272
1262
1117
7502
3030
3274
5412
6342
5414
5415
3023
5417
7374
5419
2402
4904
3970
8153
5849
7787
2992
5427
5734
5539
4478
7799
5432
5886
3149
3879
6800
3007
5330
5439
3497
7070
1162
5443
5528
201
2433
5447
6789
5449
1318
1742
5452
5453
1626
5455
5456
4591
8084
4648
3772
5461
2293
1360
5464
7741
2253
7208
5468
7335
5245
4749
4681
1530
4356
2374
4679
42
981
7685
5372
4477
6563
5483
6533
5485
1812
6763
774
409
8080
2515
5492
2034
4478
2406
5496
5497
5498
6682
57
4699
5502
5503
8041
7797
5506
5507
6951
7056
6939
4003
3612
3427
5533
7967
5800
2019
8009
6781
1511
5188
3065
8073
3528
4877
6644
5527
4301
5285
6531
6816
7318
2817
1029
5807
2873
5727
5655
2478
4486
4518
1224
296
5544
8130
4651
5547
5828
5549
7904
2258
7846
7720
846
1165
4715
3911
1045
51
595
7688
4351
5563
5879
5565
5566
6027
2974
5004
651
5571
4003
2619
3523
1537
81
6000
6022
4599
7224
6318
4536
3682
3953
4247
5939
3607
5588
3775
6785
4771
297
2503
5815
347
3097
5311
4698
5599
783
5601
3145
7671
5786
3795
3481
212
5608
7317
5018
293
5125
2847
4891
4156
972
1234
7837
4925
5480
5621
5583
339
1062
4175
5626
5109
1359
6677
2731
1705
1581
8041
6402
5635
2363
5637
2993
5881
8149
6787
1169
168
5912
6186
460
2844
841
5350
6999
1812
5652
6583
6643
5655
6736
5657
3871
4033
7074
4932
5662
5663
16
3990
6290
6692
5668
6721
7995
81
6569
6204
5674
2443
1370
5677
3892
2399
8156
5061
2567
5875
5684
3054
5686
3026
526
3894
184
7524
5706
6766
5974
4249
2444
1815
3131
5699
7376
1830
7120
5473
329
5648
5275
409
4025
3287
2852
5394
5712
7178
5714
5715
5250
5357
4046
7816
3040
5721
7100
2650
3565
2801
2833
2897
314
5729
1406
678
4563
3850
2492
7693
3033
5737
4321
6620
5740
313
4650
4076
5588
5745
5058
8100
682
7909
5301
7859
4967
2465
5754
3713
4590
5504
2620
7239
5760
877
5762
5420
1879
3773
5734
3285
4450
2104
7134
6942
1604
1974
3070
5775
31
5777
2286
7719
4106
7873
4585
4013
5784
362
5786
4301
1121
5789
29
1075
3586
3741
5665
5795
897
6360
4711
1773
3587
6590
5545
5803
1128
1682
5806
1803
3231
623
5810
552
4834
2596
3621
4865
4881
3148
778
5819
5820
4562
7732
5823
5824
4791
4923
3840
5828
5911
4951
4915
1304
499
2387
2201
6858
7097
3973
2253
5494
1326
3380
5843
5844
7175
3128
6611
7797
3679
3252
2200
7299
8116
7081
2254
5856
5857
5858
702
3450
1793
5492
180
5633
3210
5131
2355
4514
5629
5870
4741
6714
4295
5874
3645
2494
6547
947
3819
5880
1734
8121
6946
152
7726
2432
3404
1733
1539
3327
5891
621
5893
5894
3792
5896
4028
4070
5585
1327
4250
3025
4537
1188
5379
858
6816
1927
7571
2918
5911
5571
1872
1272
6517
5691
3006
5918
6446
5920
5921
5922
4444
3157
5979
5926
6876
5928
6560
7711
222
1695
140
4013
5722
4209
1405
5938
7049
266
4429
3393
5943
1453
5945
5946
1615
4250
77
5950
3541
5952
3628
2994
920
5499
5957
4266
7436
2997
7271
5689
7441
2235
5965
3475
5967
6124
603
5970
2994
6345
2297
3133
2165
5976
8018
7341
5979
3570
6874
5982
7607
7998
2074
5986
867
1421
6323
943
4961
1758
5993
3937
5880
5996
7257
10
5124
6000
2061
7280
6003
2620
6005
1309
1322
6095
6009
7432
1924
896
5584
4220
4028
6016
7749
4046
3176
3126
2727
2590
2931
4801
3457
4351
2931
6028
4399
1120
4689
143
6033
6999
3753
152
3930
6038
5813
7431
6041
6042
6550
7122
561
6046
6047
6048
6049
4452
6361
2484
5347
6054
3753
6704
1182
3309
2557
6060
6061
4357
6434
5283
6947
6066
6067
1172
6069
1891
2211
5523
6073
4822
6609
6642
6077
6078
1318
6752
5448
5070
6903
1186
2690
6086
6142
7735
1619
6702
6091
6092
3994
7980
993
1148
3540
7696
2329
6100
6101
6102
6848
6104
6105
2060
6107
6685
5089
7343
6111
5439
6260
1041
7649
6116
3590
5862
6119
6066
2039
7179
6123
4625
7487
4056
3335
480
6746
6130
6131
1284
22
172
6135
6136
7985
4015
8151
786
5162
3498
289
7490
2153
6146
2349
5982
6149
7241
6151
1499
3229
5309
2539
2685
706
6158
209
6160
558
2745
7387
5182
2039
6166
3251
325
2518
1804
1608
6172
2539
1975
1401
6553
6177
1934
2186
6180
6181
6182
3522
5431
2474
2819
7584
4822
608
6190
6632
6320
3836
6194
6195
6196
3748
667
6521
6200
4454
875
7078
7198
69
4068
1044
3319
4392
6210
6211
3561
5122
5999
6099
7097
7399
4459
6219
838
1392
7980
6268
3866
2606
5659
495
6228
3213
4099
6815
6232
7049
7846
7481
5377
4107
163
6239
6240
4262
3112
231
137
4155
6246
3550
6248
4528
7715
479
2335
5621
7575
6255
1541
1887
6258
220
2933
1674
6488
6798
6264
4279
6266
3954
6268
6269
6270
7292
7492
8052
5914
6348
7706
5202
3532
6279
3620
5364
7793
6732
5595
6285
7930
2694
952
4265
2217
1430
6599
7837
813
8140
1532
1032
6298
2880
3205
7519
1485
6303
7484
3281
584
6783
6308
6309
3140
6498
4938
2653
3507
277
6273
6317
679
8069
4812
6273
7806
7505
7224
3879
1529
461
2285
1174
1273
2232
6332
2705
2305
5111
6336
5909
1631
6595
5200
4911
7179
6343
3790
8051
5484
535
2511
798
811
6351
591
6353
6354
6355
6356
6357
1476
688
5402
7748
301
6363
4715
6779
4179
6243
6368
7240
6464
7416
320
503
1928
2624
5614
7837
6378
6379
4255
6381
4016
4844
973
6385
3002
6387
442
831
293
976
3342
6393
1091
1787
3932
2566
2474
1142
2122
2774
5856
6403
6404
708
6953
3906
6408
7947
5224
6411
6412
3130
75
5726
5057
6417
2698
3147
4701
6952
6422
7163
1353
7925
1972
6427
1794
563
2265
2769
3904
3355
4555
7836
6436
5920
7028
6439
785
8041
1610
6640
557
370
2353
311
5593
5482
385
3126
2347
3083
6273
6455
7047
1842
5243
207
1574
7214
2000
2137
6464
1286
4769
6040
6468
4640
6470
1131
5683
2368
8159
6475
6467
2216
1576
4914
6480
2772
1945
7267
3083
6485
7537
4556
3467
2470
6902
6549
550
5757
199
6495
6496
5792
5963
1772
4814
7963
3908
6099
6504
4539
1756
2547
5669
6509
7438
4914
5635
6513
5713
7129
6516
7210
2434
1709
962
1508
4791
6523
306
6064
65
2776
4773
6614
3325
2337
6812
6533
6534
6535
6536
925
108
391
5738
8070
4299
6543
3644
4416
6546
6054
6190
1892
5299
2911
6552
7527
2819
1848
6544
6557
5253
3556
7506
6760
6562
154
7811
4631
218
2394
6568
6569
1212
6831
5719
6573
3548
6575
5450
6643
3655
5841
6580
6581
4188
3532
1947
7831
6586
7947
6588
6589
8000
6591
5829
1647
6594
5106
547
981
7925
6599
2394
6601
6602
7524
4985
6605
5949
6607
6837
3552
6102
6456
8183
6320
657
6615
1202
4958
6375
4749
6620
2216
4825
212
8056
820
6626
3743
1810
459
3498
1617
6287
5144
6722
6833
6124
6454
6638
6639
1035
5455
3246
6983
4100
6798
4893
2363
6788
3020
3019
7989
6652
7977
1202
4545
2000
6026
6658
4756
6660
1863
6846
6663
6664
307
3672
7304
3804
5288
5398
6671
755
3818
4038
6675
6878
2079
5072
4140
6680
6681
5325
3863
47
3930
563
2409
2525
3582
5428
6691
2321
3366
6629
6865
5366
4462
3429
7228
3115
3735
2708
2226
7538
7995
7623
100
3620
3469
6977
5699
348
2924
2831
4210
6716
6717
2971
6760
4772
5379
1092
161
2614
3412
3527
1050
2084
700
5512
5512
6732
6733
7927
6735
434
1054
2442
2660
399
2245
6742
2090
498
5864
5558
7474
3370
6749
5906
2206
6200
1923
5176
4767
6695
2362
6758
5858
6855
4976
1077
2189
6025
3161
2888
6767
3344
480
2623
3778
1534
5064
6437
1932
7308
334
6778
6779
6780
2430
4980
5892
1711
6785
157
3605
3916
6357
5527
899
2931
6793
4029
3261
597
2692
44
1673
6800
4880
6802
6068
4833
7768
1220
6807
5313
2198
4997
6846
7261
3241
585
6377
3574
3014
3164
1273
4725
3320
4877
448
1484
2212
1347
4415
6828
6240
4607
5011
739
4650
6683
5619
2525
3324
6838
5194
3744
444
6842
7391
548
7289
6459
6847
3788
7873
4643
7362
2695
7806
442
7419
2934
6857
5319
7866
4417
7530
1020
639
5577
6865
5626
5649
6316
2083
6870
4140
3742
6873
4608
7463
743
159
7906
8133
6880
707
7002
6399
4494
6885
6682
2850
3663
1184
2463
4105
410
5396
1231
84
1621
568
1103
2259
6144
6729
7908
6903
4267
619
3855
8008
5226
3125
6910
558
5385
2838
6914
498
6091
1647
6918
6897
6920
2392
136
1554
6924
6055
1320
4016
6928
1967
1729
1220
6932
6933
6934
3197
1812
6937
6938
2840
3764
2915
6942
5098
1715
6945
1451
6947
4813
6949
6950
5982
2069
475
6954
5797
7295
3599
6355
4487
6436
6852
2385
6963
8082
5556
6966
4776
26
7109
2638
1345
2933
6973
4604
3073
4152
7800
4885
6991
3371
7799
3896
5086
1057
517
2875
6987
3125
991
479
2227
4590
6833
6713
2833
5493
905
2723
2856
7000
5681
2748
7003
1773
7005
7006
126
4092
4705
7010
4730
7164
664
4337
3856
7016
7017
7018
7654
7708
3462
3357
4601
4518
3873
7475
7643
7028
4864
7953
1677
1261
6594
7034
198
4093
3894
1102
6815
6749
6782
7042
1370
329
6908
5461
5033
3445
7049
7050
4433
5696
7053
7781
7055
96
5157
7058
7296
3558
322
3704
8075
4194
2986
7525
865
2747
1010
7070
2125
1148
7073
1207
6218
5041
2308
4840
3597
898
6210
3926
7083
7084
7085
7086
7087
7805
3478
766
7091
3057
7093
7910
6462
2645
8006
3426
7099
1749
3371
3747
5452
3253
7941
7106
7107
246
2586
613
2992
3595
7113
2738
4139
4801
7117
763
987
7108
5602
4583
8005
3619
316
7617
7097
1082
2481
6814
7543
7132
7133
5126
6627
7136
2776
6874
1805
6523
4133
5058
6271
4378
7145
7643
6883
7148
7369
3045
1428
3315
7845
2190
4301
6760
7792
7158
692
6573
7161
3218
1007
7164
7165
5997
2122
2088
286
7170
744
1438
5411
7370
4214
4092
983
2544
32
6040
622
4410
5490
7184
7504
3586
342
740
6901
8186
2929
7192
7193
3009
6753
2528
3700
5133
7199
7200
5746
4707
2938
7867
6794
3223
7207
418
7209
40
7211
441
7788
7214
4253
7216
7217
4532
578
6796
4563
6617
7417
780
3914
7226
6728
4366
7229
4255
7231
7232
7467
3074
4248
2204
6082
2808
4731
1590
7941
2284
6296
7244
2686
1959
4897
5908
2376
4936
7251
6348
1971
7254
996
2687
2548
7791
7259
7249
7261
7262
972
7015
8029
4885
5551
7268
4202
947
7271
4825
7275
5194
7028
5164
8002
3567
6753
7750
5850
4856
7283
2243
7808
1561
7287
8150
1992
6496
6305
7292
7293
3962
7492
799
6510
7298
7090
8047
7481
5913
7303
7883
4174
7306
3271
3892
5120
8095
2974
2122
6931
8138
7315
7316
1931
2305
6698
1488
7321
8154
3362
3730
7770
4922
7327
3687
1569
3225
7331
1799
5530
2524
2597
3847
1422
7338
2451
3136
7334
7342
2142
7309
2412
6033
4236
2314
815
6357
1052
7352
760
95
3356
7457
1582
3318
2626
5311
2895
7547
805
7364
7365
4463
7367
2580
2603
7370
1800
7372
5103
5199
5647
6524
7650
7378
590
7380
7381
7382
5665
1599
7898
8076
7631
7388
3941
7390
2198
253
2106
3249
7395
1012
2200
6605
277
3782
1730
7402
2902
900
4624
7406
2257
7408
1705
894
4836
4307
2693
1746
1314
147
78
771
7419
736
5742
2369
441
5626
1807
4382
7823
2060
7429
6487
2879
3071
494
1291
3347
4275
3020
6249
5175
7643
7441
313
6879
344
5148
7446
2993
3037
7449
6893
4306
7452
3183
6970
5076
3919
4520
7444
4359
1953
1059
548
7463
1583
3118
7034
4461
7468
7469
6188
7528
7472
7473
5752
1343
3610
579
7591
592
30
7903
7470
373
4858
2271
3409
7487
3558
6576
7490
6592
7492
2336
3460
2318
6855
2711
7498
6676
7500
615
3769
7224
7504
2197
6886
6065
7508
7509
6657
4882
5400
4216
6224
818
4795
5622
1409
4824
7520
5332
687
5196
1997
7525
2957
413
5554
7529
1340
7004
7889
4799
1129
7535
6551
7537
7510
7804
7165
3086
6835
1169
7544
1780
4708
7826
6661
1915
3849
4692
2732
451
2121
4141
5274
7452
4827
2278
1256
7783
7562
2690
6809
930
1501
6506
5729
2629
4864
5046
2240
7573
3837
8131
7576
7577
7578
883
5005
1718
5590
4638
186
7504
295
4877
2044
7589
7590
745
6997
6184
6019
6256
2818
104
7511
2408
2793
6128
3337
4293
4441
873
6921
7607
1112
5918
968
4948
7612
5857
1850
1761
7574
7439
6398
7760
6751
6692
4444
7623
602
7437
3249
6785
5263
1312
1410
7631
7632
7633
7634
5366
631
3817
8158
6758
7640
7153
4258
3006
8026
2986
4117
5751
3953
873
3415
5803
2633
2797
5049
838
7656
2364
3607
7530
6807
4208
6774
1863
2800
3844
3175
4209
1017
3805
8025
982
7672
2370
7674
6986
5239
5375
6819
32
1299
4377
3984
7683
2171
7792
7686
1594
4803
2396
6643
7691
5641
4759
2057
4978
3373
6265
3559
5236
872
7701
7402
218
5081
226
4022
4913
7708
1207
6391
7711
3706
6445
7714
3573
2332
6476
7718
4871
6709
2267
7722
7723
7042
6308
3861
3652
511
2311
1100
5269
4367
6077
449
2439
1443
5684
3311
7739
652
5901
199
7743
877
1730
5111
2083
8120
625
335
3500
7752
2956
6810
179
7756
7757
1472
885
7220
7779
4745
2679
97
7055
7766
3779
5365
3229
1663
5814
5668
3106
7774
3305
786
3757
1014
984
4634
2743
6094
6716
2671
6718
7051
6170
7788
1482
5668
6348
2953
6552
5375
2540
3104
7797
7798
8054
2636
1966
3640
8001
5195
5302
5622
2670
215
734
7810
7811
7812
3455
7814
3972
1747
7817
4438
413
4490
7821
2339
7128
7160
865
5986
5137
2346
3462
3293
5298
1821
475
7837
4925
336
2281
6890
3975
2089
3892
1085
7710
6561
1299
7846
251
1823
5270
1998
7851
6260
5682
6487
7855
407
7857
7858
4618
5454
1271
2411
2398
7864
3616
5872
5690
721
7693
6165
366
4425
6500
2646
3122
2283
4734
7014
3367
4251
5382
4665
4501
7884
7885
7205
7887
1743
7889
6498
5272
7424
4792
5678
7895
3849
2053
6948
6260
4451
2371
3939
1948
7904
7905
3092
3439
8112
3457
7863
6420
6102
2793
510
2643
7916
1614
3876
7919
6893
6995
348
3201
7924
6007
7926
2090
1507
3087
1322
6298
7932
7933
572
5170
7936
159
7520
3237
4609
1698
7176
6556
7944
4789
2422
6476
7948
7949
7950
53
2093
4703
7954
6154
4885
5212
604
6498
895
7496
5300
1242
2505
7965
3115
3332
7968
7969
4011
6201
4653
7973
2116
7975
6772
1630
2274
6099
4867
6882
7797
3850
5246
4393
6271
3529
7988
4446
171
7991
7992
39
2407
5055
5250
3011
7998
3360
6144
8001
8002
2314
468
7385
8006
4818
8008
3582
2524
8011
636
8013
1590
7176
2752
169
614
5025
6268
5480
8022
3715
5872
1137
768
8027
2072
7407
4296
6517
7578
4334
732
4440
8036
1391
8038
3742
7800
7534
6055
75
6726
2681
3656
1058
3316
5245
41
8051
6067
5413
654
2900
3488
8057
8058
6133
6614
1167
7269
7381
3239
6484
3484
8067
1563
5869
8070
7817
2294
2116
1015
6035
1723
356
8078
3898
8080
1797
8082
7081
6578
5452
8138
1701
2504
8179
7768
8091
7917
8093
640
2475
3212
6773
896
4379
5849
8101
84
7617
4140
3567
987
1816
8108
8109
3191
8111
8112
8113
8114
3281
3932
4205
8118
1123
5654
4560
8122
5020
8124
7451
3448
3405
4710
3394
5106
7214
3380
4681
8134
6938
4019
7155
1957
2599
8140
8050
8142
6335
256
8133
5759
8147
4395
3507
8150
6746
6211
6697
1834
1950
2709
8157
2956
8159
8160
7603
7268
7976
6861
2523
3188
8167
3379
5916
101
2400
8172
1103
4781
8175
1145
8177
5122
3743
3101
7720
3600
1244
7975
3540
7002
4178
7046
5555
2196
5550
7388
