244
243
57
481
5
372
500
8
186
52
64
226
184
498
15
465
220
345
108
20
104
160
388
70
81
103
423
504
488
437
160
93
241
121
460
484
37
363
4
453
41
222
503
44
126
273
54
48
351
457
40
303
164
384
410
267
32
285
336
112
388
247
63
103
363
171
262
455
412
382
71
403
383
232
406
323
77
454
79
397
448
214
83
84
450
286
158
88
489
76
322
361
485
76
95
392
258
412
503
133
146
94
495
316
355
437
107
215
225
327
86
456
221
408
397
105
344
118
99
42
117
256
19
124
193
126
65
379
165
130
141
258
133
422
40
248
42
138
139
185
341
24
500
184
461
146
203
408
275
288
351
495
183
236
87
156
14
158
334
129
131
77
147
323
142
13
487
282
169
270
397
321
173
174
5
438
505
346
462
492
181
17
410
182
424
172
469
262
155
140
497
192
241
153
318
369
283
395
3
200
93
202
24
15
68
305
284
464
113
210
289
212
389
214
105
122
217
338
84
138
235
266
49
407
222
310
49
228
361
230
295
289
2
100
146
236
284
238
494
240
148
377
243
5
163
246
444
309
446
250
395
421
222
271
13
343
97
258
97
480
331
362
16
225
71
326
273
432
269
108
50
433
207
195
204
189
342
68
193
504
281
282
511
502
438
393
410
147
152
423
291
292
490
248
7
457
66
298
368
473
291
438
303
286
51
306
357
393
100
277
311
87
294
481
275
124
317
36
468
115
35
457
40
427
354
187
66
328
264
164
313
270
108
334
379
336
125
68
157
51
353
207
407
233
345
307
172
320
88
140
82
211
175
354
37
326
357
209
359
360
361
493
365
124
335
366
39
368
189
86
202
502
356
310
368
376
377
480
377
12
18
218
218
425
385
450
12
388
389
84
391
392
257
100
223
396
339
310
397
375
123
94
356
488
217
178
14
405
263
216
394
106
13
249
74
416
389
260
91
94
478
3
423
32
489
86
288
76
429
430
308
114
386
434
435
193
437
489
508
440
441
286
332
444
483
502
509
497
394
259
200
276
365
454
212
12
457
438
459
460
88
272
16
464
182
237
19
213
213
104
500
289
412
474
475
102
162
478
479
92
481
78
157
377
409
128
366
405
489
112
247
492
493
494
151
311
10
3
10
22
440
502
97
293
505
456
278
17
474
490
229
65
